panel,trial,method,A,P,S,J,N,attempted_acceptance,effective_saved_coverage,assignments,discarded_passes,rounds,attempted_rounds,first_fallback,abandoned,direct_after_abandonment_rounds
P2,P2_adult_k4_t0,fresh,0,0,0,0,451980,,0.0,451980,0,15,0,,0,0
P2,P2_adult_k4_t0,none,0,0,0,0,451980,,0.0,451980,0,15,0,,0,0
P2,P2_adult_k4_t0,basic,30132,0,0,30132,451980,0.0,0.0,482112,0,15,1,0,1,14
P2,P2_adult_k4_t0,runnerup,30132,0,0,30132,451980,0.0,0.0,482112,0,15,1,0,1,14
P2,P2_adult_k4_t1,fresh,0,0,0,0,451980,,0.0,451980,0,15,0,,0,0
P2,P2_adult_k4_t1,none,0,0,0,0,451980,,0.0,451980,0,15,0,,0,0
P2,P2_adult_k4_t1,basic,30132,0,0,30132,451980,0.0,0.0,482112,0,15,1,0,1,14
P2,P2_adult_k4_t1,runnerup,30132,0,0,30132,451980,0.0,0.0,482112,0,15,1,0,1,14
P2,P2_adult_k4_t2,fresh,0,0,0,0,451980,,0.0,451980,0,15,0,,0,0
P2,P2_adult_k4_t2,none,0,0,0,0,451980,,0.0,451980,0,15,0,,0,0
P2,P2_adult_k4_t2,basic,30132,0,0,30132,451980,0.0,0.0,482112,0,15,1,0,1,14
P2,P2_adult_k4_t2,runnerup,30132,0,0,30132,451980,0.0,0.0,482112,0,15,1,0,1,14
P2,P2_adult_k4_t3,fresh,0,0,0,0,451980,,0.0,451980,0,15,0,,0,0
P2,P2_adult_k4_t3,none,0,0,0,0,451980,,0.0,451980,0,15,0,,0,0
P2,P2_adult_k4_t3,basic,30132,0,0,30132,451980,0.0,0.0,482112,0,15,1,0,1,14
P2,P2_adult_k4_t3,runnerup,30132,0,0,30132,451980,0.0,0.0,482112,0,15,1,0,1,14
P2,P2_adult_k4_t4,fresh,0,0,0,0,451980,,0.0,451980,0,15,0,,0,0
P2,P2_adult_k4_t4,none,0,0,0,0,451980,,0.0,451980,0,15,0,,0,0
P2,P2_adult_k4_t4,basic,30132,0,0,30132,451980,0.0,0.0,482112,0,15,1,0,1,14
P2,P2_adult_k4_t4,runnerup,30132,0,0,30132,451980,0.0,0.0,482112,0,15,1,0,1,14
P2,P2_adult_k5_t0,fresh,0,0,0,0,451980,,0.0,451980,0,15,0,,0,0
P2,P2_adult_k5_t0,none,0,0,0,0,451980,,0.0,451980,0,15,0,,0,0
P2,P2_adult_k5_t0,basic,30132,0,0,30132,451980,0.0,0.0,482112,0,15,1,0,1,14
P2,P2_adult_k5_t0,runnerup,30132,0,0,30132,451980,0.0,0.0,482112,0,15,1,0,1,14
P2,P2_adult_k5_t1,fresh,0,0,0,0,451980,,0.0,451980,0,15,0,,0,0
P2,P2_adult_k5_t1,none,0,0,0,0,451980,,0.0,451980,0,15,0,,0,0
P2,P2_adult_k5_t1,basic,30132,0,0,30132,451980,0.0,0.0,482112,0,15,1,0,1,14
P2,P2_adult_k5_t1,runnerup,30132,0,0,30132,451980,0.0,0.0,482112,0,15,1,0,1,14
P2,P2_adult_k5_t2,fresh,0,0,0,0,451980,,0.0,451980,0,15,0,,0,0
P2,P2_adult_k5_t2,none,0,0,0,0,451980,,0.0,451980,0,15,0,,0,0
P2,P2_adult_k5_t2,basic,30132,0,0,30132,451980,0.0,0.0,482112,0,15,1,0,1,14
P2,P2_adult_k5_t2,runnerup,30132,0,0,30132,451980,0.0,0.0,482112,0,15,1,0,1,14
P2,P2_adult_k5_t3,fresh,0,0,0,0,451980,,0.0,451980,0,15,0,,0,0
P2,P2_adult_k5_t3,none,0,0,0,0,451980,,0.0,451980,0,15,0,,0,0
P2,P2_adult_k5_t3,basic,30132,0,0,30132,451980,0.0,0.0,482112,0,15,1,0,1,14
P2,P2_adult_k5_t3,runnerup,30132,0,0,30132,451980,0.0,0.0,482112,0,15,1,0,1,14
P2,P2_adult_k5_t4,fresh,0,0,0,0,451980,,0.0,451980,0,15,0,,0,0
P2,P2_adult_k5_t4,none,0,0,0,0,451980,,0.0,451980,0,15,0,,0,0
P2,P2_adult_k5_t4,basic,30132,0,0,30132,451980,0.0,0.0,482112,0,15,1,0,1,14
P2,P2_adult_k5_t4,runnerup,30132,0,0,30132,451980,0.0,0.0,482112,0,15,1,0,1,14
P2,P2_adult_k6_t0,fresh,0,0,0,0,451980,,0.0,451980,0,15,0,,0,0
P2,P2_adult_k6_t0,none,0,0,0,0,451980,,0.0,451980,0,15,0,,0,0
P2,P2_adult_k6_t0,basic,30132,0,0,30132,451980,0.0,0.0,482112,0,15,1,0,1,14
P2,P2_adult_k6_t0,runnerup,30132,0,0,30132,451980,0.0,0.0,482112,0,15,1,0,1,14
P2,P2_adult_k6_t1,fresh,0,0,0,0,451980,,0.0,451980,0,15,0,,0,0
P2,P2_adult_k6_t1,none,0,0,0,0,451980,,0.0,451980,0,15,0,,0,0
P2,P2_adult_k6_t1,basic,30132,0,0,30132,451980,0.0,0.0,482112,0,15,1,0,1,14
P2,P2_adult_k6_t1,runnerup,30132,0,0,30132,451980,0.0,0.0,482112,0,15,1,0,1,14
P2,P2_adult_k6_t2,fresh,0,0,0,0,451980,,0.0,451980,0,15,0,,0,0
P2,P2_adult_k6_t2,none,0,0,0,0,451980,,0.0,451980,0,15,0,,0,0
P2,P2_adult_k6_t2,basic,30132,0,0,30132,451980,0.0,0.0,482112,0,15,1,0,1,14
P2,P2_adult_k6_t2,runnerup,30132,0,0,30132,451980,0.0,0.0,482112,0,15,1,0,1,14
P2,P2_adult_k6_t3,fresh,0,0,0,0,451980,,0.0,451980,0,15,0,,0,0
P2,P2_adult_k6_t3,none,0,0,0,0,451980,,0.0,451980,0,15,0,,0,0
P2,P2_adult_k6_t3,basic,30132,0,0,30132,451980,0.0,0.0,482112,0,15,1,0,1,14
P2,P2_adult_k6_t3,runnerup,30132,0,0,30132,451980,0.0,0.0,482112,0,15,1,0,1,14
P2,P2_adult_k6_t4,fresh,0,0,0,0,451980,,0.0,451980,0,15,0,,0,0
P2,P2_adult_k6_t4,none,0,0,0,0,451980,,0.0,451980,0,15,0,,0,0
P2,P2_adult_k6_t4,basic,30132,0,0,30132,451980,0.0,0.0,482112,0,15,1,0,1,14
P2,P2_adult_k6_t4,runnerup,30132,0,0,30132,451980,0.0,0.0,482112,0,15,1,0,1,14
P2,P2_adult_k7_t0,fresh,0,0,0,0,451980,,0.0,451980,0,15,0,,0,0
P2,P2_adult_k7_t0,none,0,0,0,0,451980,,0.0,451980,0,15,0,,0,0
P2,P2_adult_k7_t0,basic,30132,0,0,30132,451980,0.0,0.0,482112,0,15,1,0,1,14
P2,P2_adult_k7_t0,runnerup,30132,0,0,30132,451980,0.0,0.0,482112,0,15,1,0,1,14
P2,P2_adult_k7_t1,fresh,0,0,0,0,451980,,0.0,451980,0,15,0,,0,0
P2,P2_adult_k7_t1,none,0,0,0,0,451980,,0.0,451980,0,15,0,,0,0
P2,P2_adult_k7_t1,basic,30132,0,0,30132,451980,0.0,0.0,482112,0,15,1,0,1,14
P2,P2_adult_k7_t1,runnerup,30132,0,0,30132,451980,0.0,0.0,482112,0,15,1,0,1,14
P2,P2_adult_k7_t2,fresh,0,0,0,0,451980,,0.0,451980,0,15,0,,0,0
P2,P2_adult_k7_t2,none,0,0,0,0,451980,,0.0,451980,0,15,0,,0,0
P2,P2_adult_k7_t2,basic,30132,0,0,30132,451980,0.0,0.0,482112,0,15,1,0,1,14
P2,P2_adult_k7_t2,runnerup,30132,0,0,30132,451980,0.0,0.0,482112,0,15,1,0,1,14
P2,P2_adult_k7_t3,fresh,0,0,0,0,451980,,0.0,451980,0,15,0,,0,0
P2,P2_adult_k7_t3,none,0,0,0,0,451980,,0.0,451980,0,15,0,,0,0
P2,P2_adult_k7_t3,basic,30132,0,0,30132,451980,0.0,0.0,482112,0,15,1,0,1,14
P2,P2_adult_k7_t3,runnerup,30132,0,0,30132,451980,0.0,0.0,482112,0,15,1,0,1,14
P2,P2_adult_k7_t4,fresh,0,0,0,0,451980,,0.0,451980,0,15,0,,0,0
P2,P2_adult_k7_t4,none,0,0,0,0,451980,,0.0,451980,0,15,0,,0,0
P2,P2_adult_k7_t4,basic,30132,0,0,30132,451980,0.0,0.0,482112,0,15,1,0,1,14
P2,P2_adult_k7_t4,runnerup,30132,0,0,30132,451980,0.0,0.0,482112,0,15,1,0,1,14
P2,P2_adult_k8_t0,fresh,0,0,0,0,451980,,0.0,451980,0,15,0,,0,0
P2,P2_adult_k8_t0,none,0,0,0,0,451980,,0.0,451980,0,15,0,,0,0
P2,P2_adult_k8_t0,basic,30132,0,0,30132,451980,0.0,0.0,482112,0,15,1,0,1,14
P2,P2_adult_k8_t0,runnerup,30132,0,0,30132,451980,0.0,0.0,482112,0,15,1,0,1,14
P2,P2_adult_k8_t1,fresh,0,0,0,0,451980,,0.0,451980,0,15,0,,0,0
P2,P2_adult_k8_t1,none,0,0,0,0,451980,,0.0,451980,0,15,0,,0,0
P2,P2_adult_k8_t1,basic,30132,0,0,30132,451980,0.0,0.0,482112,0,15,1,0,1,14
P2,P2_adult_k8_t1,runnerup,30132,0,0,30132,451980,0.0,0.0,482112,0,15,1,0,1,14
P2,P2_adult_k8_t2,fresh,0,0,0,0,451980,,0.0,451980,0,15,0,,0,0
P2,P2_adult_k8_t2,none,0,0,0,0,451980,,0.0,451980,0,15,0,,0,0
P2,P2_adult_k8_t2,basic,30132,0,0,30132,451980,0.0,0.0,482112,0,15,1,0,1,14
P2,P2_adult_k8_t2,runnerup,30132,0,0,30132,451980,0.0,0.0,482112,0,15,1,0,1,14
P2,P2_adult_k8_t3,fresh,0,0,0,0,451980,,0.0,451980,0,15,0,,0,0
P2,P2_adult_k8_t3,none,0,0,0,0,451980,,0.0,451980,0,15,0,,0,0
P2,P2_adult_k8_t3,basic,30132,0,0,30132,451980,0.0,0.0,482112,0,15,1,0,1,14
P2,P2_adult_k8_t3,runnerup,30132,0,0,30132,451980,0.0,0.0,482112,0,15,1,0,1,14
P2,P2_adult_k8_t4,fresh,0,0,0,0,451980,,0.0,451980,0,15,0,,0,0
P2,P2_adult_k8_t4,none,0,0,0,0,451980,,0.0,451980,0,15,0,,0,0
P2,P2_adult_k8_t4,basic,30132,0,0,30132,451980,0.0,0.0,482112,0,15,1,0,1,14
P2,P2_adult_k8_t4,runnerup,30132,0,0,30132,451980,0.0,0.0,482112,0,15,1,0,1,14
P2,P2_adult_k9_t0,fresh,0,0,0,0,451980,,0.0,451980,0,15,0,,0,0
P2,P2_adult_k9_t0,none,0,0,0,0,451980,,0.0,451980,0,15,0,,0,0
P2,P2_adult_k9_t0,basic,30132,0,0,30132,451980,0.0,0.0,482112,0,15,1,0,1,14
P2,P2_adult_k9_t0,runnerup,30132,0,0,30132,451980,0.0,0.0,482112,0,15,1,0,1,14
P2,P2_adult_k9_t1,fresh,0,0,0,0,451980,,0.0,451980,0,15,0,,0,0
P2,P2_adult_k9_t1,none,0,0,0,0,451980,,0.0,451980,0,15,0,,0,0
P2,P2_adult_k9_t1,basic,30132,0,0,30132,451980,0.0,0.0,482112,0,15,1,0,1,14
P2,P2_adult_k9_t1,runnerup,30132,0,0,30132,451980,0.0,0.0,482112,0,15,1,0,1,14
P2,P2_adult_k9_t2,fresh,0,0,0,0,451980,,0.0,451980,0,15,0,,0,0
P2,P2_adult_k9_t2,none,0,0,0,0,451980,,0.0,451980,0,15,0,,0,0
P2,P2_adult_k9_t2,basic,30132,0,0,30132,451980,0.0,0.0,482112,0,15,1,0,1,14
P2,P2_adult_k9_t2,runnerup,30132,0,0,30132,451980,0.0,0.0,482112,0,15,1,0,1,14
P2,P2_adult_k9_t3,fresh,0,0,0,0,451980,,0.0,451980,0,15,0,,0,0
P2,P2_adult_k9_t3,none,0,0,0,0,451980,,0.0,451980,0,15,0,,0,0
P2,P2_adult_k9_t3,basic,30132,0,0,30132,451980,0.0,0.0,482112,0,15,1,0,1,14
P2,P2_adult_k9_t3,runnerup,30132,0,0,30132,451980,0.0,0.0,482112,0,15,1,0,1,14
P2,P2_adult_k9_t4,fresh,0,0,0,0,451980,,0.0,451980,0,15,0,,0,0
P2,P2_adult_k9_t4,none,0,0,0,0,451980,,0.0,451980,0,15,0,,0,0
P2,P2_adult_k9_t4,basic,30132,0,0,30132,451980,0.0,0.0,482112,0,15,1,0,1,14
P2,P2_adult_k9_t4,runnerup,30132,0,0,30132,451980,0.0,0.0,482112,0,15,1,0,1,14
P2,P2_adult_k10_t0,fresh,0,0,0,0,451980,,0.0,451980,0,15,0,,0,0
P2,P2_adult_k10_t0,none,0,0,0,0,451980,,0.0,451980,0,15,0,,0,0
P2,P2_adult_k10_t0,basic,30132,0,0,30132,451980,0.0,0.0,482112,0,15,1,0,1,14
P2,P2_adult_k10_t0,runnerup,30132,0,0,30132,451980,0.0,0.0,482112,0,15,1,0,1,14
P2,P2_adult_k10_t1,fresh,0,0,0,0,451980,,0.0,451980,0,15,0,,0,0
P2,P2_adult_k10_t1,none,0,0,0,0,451980,,0.0,451980,0,15,0,,0,0
P2,P2_adult_k10_t1,basic,30132,0,0,30132,451980,0.0,0.0,482112,0,15,1,0,1,14
P2,P2_adult_k10_t1,runnerup,30132,0,0,30132,451980,0.0,0.0,482112,0,15,1,0,1,14
P2,P2_adult_k10_t2,fresh,0,0,0,0,451980,,0.0,451980,0,15,0,,0,0
P2,P2_adult_k10_t2,none,0,0,0,0,451980,,0.0,451980,0,15,0,,0,0
P2,P2_adult_k10_t2,basic,30132,0,0,30132,451980,0.0,0.0,482112,0,15,1,0,1,14
P2,P2_adult_k10_t2,runnerup,30132,0,0,30132,451980,0.0,0.0,482112,0,15,1,0,1,14
P2,P2_adult_k10_t3,fresh,0,0,0,0,451980,,0.0,451980,0,15,0,,0,0
P2,P2_adult_k10_t3,none,0,0,0,0,451980,,0.0,451980,0,15,0,,0,0
P2,P2_adult_k10_t3,basic,30132,0,0,30132,451980,0.0,0.0,482112,0,15,1,0,1,14
P2,P2_adult_k10_t3,runnerup,30132,0,0,30132,451980,0.0,0.0,482112,0,15,1,0,1,14
P2,P2_adult_k10_t4,fresh,0,0,0,0,451980,,0.0,451980,0,15,0,,0,0
P2,P2_adult_k10_t4,none,0,0,0,0,451980,,0.0,451980,0,15,0,,0,0
P2,P2_adult_k10_t4,basic,30132,0,0,30132,451980,0.0,0.0,482112,0,15,1,0,1,14
P2,P2_adult_k10_t4,runnerup,30132,0,0,30132,451980,0.0,0.0,482112,0,15,1,0,1,14
P2,P2_adult_k11_t0,fresh,0,0,0,0,451980,,0.0,451980,0,15,0,,0,0
P2,P2_adult_k11_t0,none,0,0,0,0,451980,,0.0,451980,0,15,0,,0,0
P2,P2_adult_k11_t0,basic,30132,0,0,30132,451980,0.0,0.0,482112,0,15,1,0,1,14
P2,P2_adult_k11_t0,runnerup,30132,0,0,30132,451980,0.0,0.0,482112,0,15,1,0,1,14
P2,P2_adult_k11_t1,fresh,0,0,0,0,451980,,0.0,451980,0,15,0,,0,0
P2,P2_adult_k11_t1,none,0,0,0,0,451980,,0.0,451980,0,15,0,,0,0
P2,P2_adult_k11_t1,basic,30132,0,0,30132,451980,0.0,0.0,482112,0,15,1,0,1,14
P2,P2_adult_k11_t1,runnerup,30132,0,0,30132,451980,0.0,0.0,482112,0,15,1,0,1,14
P2,P2_adult_k11_t2,fresh,0,0,0,0,451980,,0.0,451980,0,15,0,,0,0
P2,P2_adult_k11_t2,none,0,0,0,0,451980,,0.0,451980,0,15,0,,0,0
P2,P2_adult_k11_t2,basic,30132,0,0,30132,451980,0.0,0.0,482112,0,15,1,0,1,14
P2,P2_adult_k11_t2,runnerup,30132,0,0,30132,451980,0.0,0.0,482112,0,15,1,0,1,14
P2,P2_adult_k11_t3,fresh,0,0,0,0,451980,,0.0,451980,0,15,0,,0,0
P2,P2_adult_k11_t3,none,0,0,0,0,451980,,0.0,451980,0,15,0,,0,0
P2,P2_adult_k11_t3,basic,30132,0,0,30132,451980,0.0,0.0,482112,0,15,1,0,1,14
P2,P2_adult_k11_t3,runnerup,30132,0,0,30132,451980,0.0,0.0,482112,0,15,1,0,1,14
P2,P2_adult_k11_t4,fresh,0,0,0,0,451980,,0.0,451980,0,15,0,,0,0
P2,P2_adult_k11_t4,none,0,0,0,0,451980,,0.0,451980,0,15,0,,0,0
P2,P2_adult_k11_t4,basic,30132,0,0,30132,451980,0.0,0.0,482112,0,15,1,0,1,14
P2,P2_adult_k11_t4,runnerup,30132,0,0,30132,451980,0.0,0.0,482112,0,15,1,0,1,14
P2,P2_adult_k12_t0,fresh,0,0,0,0,451980,,0.0,451980,0,15,0,,0,0
P2,P2_adult_k12_t0,none,0,0,0,0,451980,,0.0,451980,0,15,0,,0,0
P2,P2_adult_k12_t0,basic,30132,0,0,30132,451980,0.0,0.0,482112,0,15,1,0,1,14
P2,P2_adult_k12_t0,runnerup,30132,0,0,30132,451980,0.0,0.0,482112,0,15,1,0,1,14
P2,P2_adult_k12_t1,fresh,0,0,0,0,451980,,0.0,451980,0,15,0,,0,0
P2,P2_adult_k12_t1,none,0,0,0,0,451980,,0.0,451980,0,15,0,,0,0
P2,P2_adult_k12_t1,basic,30132,0,0,30132,451980,0.0,0.0,482112,0,15,1,0,1,14
P2,P2_adult_k12_t1,runnerup,30132,0,0,30132,451980,0.0,0.0,482112,0,15,1,0,1,14
P2,P2_adult_k12_t2,fresh,0,0,0,0,451980,,0.0,451980,0,15,0,,0,0
P2,P2_adult_k12_t2,none,0,0,0,0,451980,,0.0,451980,0,15,0,,0,0
P2,P2_adult_k12_t2,basic,30132,0,0,30132,451980,0.0,0.0,482112,0,15,1,0,1,14
P2,P2_adult_k12_t2,runnerup,30132,0,0,30132,451980,0.0,0.0,482112,0,15,1,0,1,14
P2,P2_adult_k12_t3,fresh,0,0,0,0,451980,,0.0,451980,0,15,0,,0,0
P2,P2_adult_k12_t3,none,0,0,0,0,451980,,0.0,451980,0,15,0,,0,0
P2,P2_adult_k12_t3,basic,30132,0,0,30132,451980,0.0,0.0,482112,0,15,1,0,1,14
P2,P2_adult_k12_t3,runnerup,30132,0,0,30132,451980,0.0,0.0,482112,0,15,1,0,1,14
P2,P2_adult_k12_t4,fresh,0,0,0,0,451980,,0.0,451980,0,15,0,,0,0
P2,P2_adult_k12_t4,none,0,0,0,0,451980,,0.0,451980,0,15,0,,0,0
P2,P2_adult_k12_t4,basic,30132,0,0,30132,451980,0.0,0.0,482112,0,15,1,0,1,14
P2,P2_adult_k12_t4,runnerup,30132,0,0,30132,451980,0.0,0.0,482112,0,15,1,0,1,14
P2,P2_adult_k13_t0,fresh,0,0,0,0,451980,,0.0,451980,0,15,0,,0,0
P2,P2_adult_k13_t0,none,0,0,0,0,451980,,0.0,451980,0,15,0,,0,0
P2,P2_adult_k13_t0,basic,30132,0,0,30132,451980,0.0,0.0,482112,0,15,1,0,1,14
P2,P2_adult_k13_t0,runnerup,30132,0,0,30132,451980,0.0,0.0,482112,0,15,1,0,1,14
P2,P2_adult_k13_t1,fresh,0,0,0,0,451980,,0.0,451980,0,15,0,,0,0
P2,P2_adult_k13_t1,none,0,0,0,0,451980,,0.0,451980,0,15,0,,0,0
P2,P2_adult_k13_t1,basic,30132,0,0,30132,451980,0.0,0.0,482112,0,15,1,0,1,14
P2,P2_adult_k13_t1,runnerup,30132,0,0,30132,451980,0.0,0.0,482112,0,15,1,0,1,14
P2,P2_adult_k13_t2,fresh,0,0,0,0,451980,,0.0,451980,0,15,0,,0,0
P2,P2_adult_k13_t2,none,0,0,0,0,451980,,0.0,451980,0,15,0,,0,0
P2,P2_adult_k13_t2,basic,30132,0,0,30132,451980,0.0,0.0,482112,0,15,1,0,1,14
P2,P2_adult_k13_t2,runnerup,30132,0,0,30132,451980,0.0,0.0,482112,0,15,1,0,1,14
P2,P2_adult_k13_t3,fresh,0,0,0,0,451980,,0.0,451980,0,15,0,,0,0
P2,P2_adult_k13_t3,none,0,0,0,0,451980,,0.0,451980,0,15,0,,0,0
P2,P2_adult_k13_t3,basic,30132,0,0,30132,451980,0.0,0.0,482112,0,15,1,0,1,14
P2,P2_adult_k13_t3,runnerup,30132,0,0,30132,451980,0.0,0.0,482112,0,15,1,0,1,14
P2,P2_adult_k13_t4,fresh,0,0,0,0,451980,,0.0,451980,0,15,0,,0,0
P2,P2_adult_k13_t4,none,0,0,0,0,451980,,0.0,451980,0,15,0,,0,0
P2,P2_adult_k13_t4,basic,30132,0,0,30132,451980,0.0,0.0,482112,0,15,1,0,1,14
P2,P2_adult_k13_t4,runnerup,30132,0,0,30132,451980,0.0,0.0,482112,0,15,1,0,1,14
P2,P2_adult_k14_t0,fresh,0,0,0,0,451980,,0.0,451980,0,15,0,,0,0
P2,P2_adult_k14_t0,none,0,0,0,0,451980,,0.0,451980,0,15,0,,0,0
P2,P2_adult_k14_t0,basic,30132,0,0,30132,451980,0.0,0.0,482112,0,15,1,0,1,14
P2,P2_adult_k14_t0,runnerup,30132,0,0,30132,451980,0.0,0.0,482112,0,15,1,0,1,14
P2,P2_adult_k14_t1,fresh,0,0,0,0,451980,,0.0,451980,0,15,0,,0,0
P2,P2_adult_k14_t1,none,0,0,0,0,451980,,0.0,451980,0,15,0,,0,0
P2,P2_adult_k14_t1,basic,30132,0,0,30132,451980,0.0,0.0,482112,0,15,1,0,1,14
P2,P2_adult_k14_t1,runnerup,30132,0,0,30132,451980,0.0,0.0,482112,0,15,1,0,1,14
P2,P2_adult_k14_t2,fresh,0,0,0,0,451980,,0.0,451980,0,15,0,,0,0
P2,P2_adult_k14_t2,none,0,0,0,0,451980,,0.0,451980,0,15,0,,0,0
P2,P2_adult_k14_t2,basic,30132,0,0,30132,451980,0.0,0.0,482112,0,15,1,0,1,14
P2,P2_adult_k14_t2,runnerup,30132,0,0,30132,451980,0.0,0.0,482112,0,15,1,0,1,14
P2,P2_adult_k14_t3,fresh,0,0,0,0,451980,,0.0,451980,0,15,0,,0,0
P2,P2_adult_k14_t3,none,0,0,0,0,451980,,0.0,451980,0,15,0,,0,0
P2,P2_adult_k14_t3,basic,30132,0,0,30132,451980,0.0,0.0,482112,0,15,1,0,1,14
P2,P2_adult_k14_t3,runnerup,30132,0,0,30132,451980,0.0,0.0,482112,0,15,1,0,1,14
P2,P2_adult_k14_t4,fresh,0,0,0,0,451980,,0.0,451980,0,15,0,,0,0
P2,P2_adult_k14_t4,none,0,0,0,0,451980,,0.0,451980,0,15,0,,0,0
P2,P2_adult_k14_t4,basic,30132,0,0,30132,451980,0.0,0.0,482112,0,15,1,0,1,14
P2,P2_adult_k14_t4,runnerup,30132,0,0,30132,451980,0.0,0.0,482112,0,15,1,0,1,14
P2,P2_adult_k15_t0,fresh,0,0,0,0,451980,,0.0,451980,0,15,0,,0,0
P2,P2_adult_k15_t0,none,0,0,0,0,451980,,0.0,451980,0,15,0,,0,0
P2,P2_adult_k15_t0,basic,30132,0,0,30132,451980,0.0,0.0,482112,0,15,1,0,1,14
P2,P2_adult_k15_t0,runnerup,30132,0,0,30132,451980,0.0,0.0,482112,0,15,1,0,1,14
P2,P2_adult_k15_t1,fresh,0,0,0,0,451980,,0.0,451980,0,15,0,,0,0
P2,P2_adult_k15_t1,none,0,0,0,0,451980,,0.0,451980,0,15,0,,0,0
P2,P2_adult_k15_t1,basic,30132,0,0,30132,451980,0.0,0.0,482112,0,15,1,0,1,14
P2,P2_adult_k15_t1,runnerup,30132,0,0,30132,451980,0.0,0.0,482112,0,15,1,0,1,14
P2,P2_adult_k15_t2,fresh,0,0,0,0,451980,,0.0,451980,0,15,0,,0,0
P2,P2_adult_k15_t2,none,0,0,0,0,451980,,0.0,451980,0,15,0,,0,0
P2,P2_adult_k15_t2,basic,30132,0,0,30132,451980,0.0,0.0,482112,0,15,1,0,1,14
P2,P2_adult_k15_t2,runnerup,30132,0,0,30132,451980,0.0,0.0,482112,0,15,1,0,1,14
P2,P2_adult_k15_t3,fresh,0,0,0,0,451980,,0.0,451980,0,15,0,,0,0
P2,P2_adult_k15_t3,none,0,0,0,0,451980,,0.0,451980,0,15,0,,0,0
P2,P2_adult_k15_t3,basic,30132,0,0,30132,451980,0.0,0.0,482112,0,15,1,0,1,14
P2,P2_adult_k15_t3,runnerup,30132,0,0,30132,451980,0.0,0.0,482112,0,15,1,0,1,14
P2,P2_adult_k15_t4,fresh,0,0,0,0,451980,,0.0,451980,0,15,0,,0,0
P2,P2_adult_k15_t4,none,0,0,0,0,451980,,0.0,451980,0,15,0,,0,0
P2,P2_adult_k15_t4,basic,30132,0,0,30132,451980,0.0,0.0,482112,0,15,1,0,1,14
P2,P2_adult_k15_t4,runnerup,30132,0,0,30132,451980,0.0,0.0,482112,0,15,1,0,1,14
P2,P2_adult_k16_t0,fresh,0,0,0,0,451980,,0.0,451980,0,15,0,,0,0
P2,P2_adult_k16_t0,none,0,0,0,0,451980,,0.0,451980,0,15,0,,0,0
P2,P2_adult_k16_t0,basic,30132,0,0,30132,451980,0.0,0.0,482112,0,15,1,0,1,14
P2,P2_adult_k16_t0,runnerup,30132,0,0,30132,451980,0.0,0.0,482112,0,15,1,0,1,14
P2,P2_adult_k16_t1,fresh,0,0,0,0,451980,,0.0,451980,0,15,0,,0,0
P2,P2_adult_k16_t1,none,0,0,0,0,451980,,0.0,451980,0,15,0,,0,0
P2,P2_adult_k16_t1,basic,30132,0,0,30132,451980,0.0,0.0,482112,0,15,1,0,1,14
P2,P2_adult_k16_t1,runnerup,30132,0,0,30132,451980,0.0,0.0,482112,0,15,1,0,1,14
P2,P2_adult_k16_t2,fresh,0,0,0,0,451980,,0.0,451980,0,15,0,,0,0
P2,P2_adult_k16_t2,none,0,0,0,0,451980,,0.0,451980,0,15,0,,0,0
P2,P2_adult_k16_t2,basic,30132,0,0,30132,451980,0.0,0.0,482112,0,15,1,0,1,14
P2,P2_adult_k16_t2,runnerup,30132,0,0,30132,451980,0.0,0.0,482112,0,15,1,0,1,14
P2,P2_adult_k16_t3,fresh,0,0,0,0,451980,,0.0,451980,0,15,0,,0,0
P2,P2_adult_k16_t3,none,0,0,0,0,451980,,0.0,451980,0,15,0,,0,0
P2,P2_adult_k16_t3,basic,30132,0,0,30132,451980,0.0,0.0,482112,0,15,1,0,1,14
P2,P2_adult_k16_t3,runnerup,30132,0,0,30132,451980,0.0,0.0,482112,0,15,1,0,1,14
P2,P2_adult_k16_t4,fresh,0,0,0,0,451980,,0.0,451980,0,15,0,,0,0
P2,P2_adult_k16_t4,none,0,0,0,0,451980,,0.0,451980,0,15,0,,0,0
P2,P2_adult_k16_t4,basic,30132,0,0,30132,451980,0.0,0.0,482112,0,15,1,0,1,14
P2,P2_adult_k16_t4,runnerup,30132,0,0,30132,451980,0.0,0.0,482112,0,15,1,0,1,14
P2,P2_bank_k2_t0,fresh,0,0,0,0,677490,,0.0,677490,0,15,0,,0,0
P2,P2_bank_k2_t0,none,0,0,0,0,677490,,0.0,677490,0,15,0,,0,0
P2,P2_bank_k2_t0,basic,45166,0,0,45166,677490,0.0,0.0,722656,0,15,1,0,1,14
P2,P2_bank_k2_t0,runnerup,45166,0,0,45166,677490,0.0,0.0,722656,0,15,1,0,1,14
P2,P2_bank_k2_t1,fresh,0,0,0,0,677490,,0.0,677490,0,15,0,,0,0
P2,P2_bank_k2_t1,none,0,0,0,0,677490,,0.0,677490,0,15,0,,0,0
P2,P2_bank_k2_t1,basic,677490,677014,677014,0,677490,0.9992974066037875,0.9992974066037875,476,0,15,15,,0,0
P2,P2_bank_k2_t1,runnerup,677490,677014,677014,0,677490,0.9992974066037875,0.9992974066037875,476,0,15,15,,0,0
P2,P2_bank_k2_t2,fresh,0,0,0,0,677490,,0.0,677490,0,15,0,,0,0
P2,P2_bank_k2_t2,none,0,0,0,0,677490,,0.0,677490,0,15,0,,0,0
P2,P2_bank_k2_t2,basic,45166,0,0,45166,677490,0.0,0.0,722656,0,15,1,0,1,14
P2,P2_bank_k2_t2,runnerup,45166,0,0,45166,677490,0.0,0.0,722656,0,15,1,0,1,14
P2,P2_bank_k2_t3,fresh,0,0,0,0,677490,,0.0,677490,0,15,0,,0,0
P2,P2_bank_k2_t3,none,0,0,0,0,677490,,0.0,677490,0,15,0,,0,0
P2,P2_bank_k2_t3,basic,45166,0,0,45166,677490,0.0,0.0,722656,0,15,1,0,1,14
P2,P2_bank_k2_t3,runnerup,45166,0,0,45166,677490,0.0,0.0,722656,0,15,1,0,1,14
P2,P2_bank_k2_t4,fresh,0,0,0,0,677490,,0.0,677490,0,15,0,,0,0
P2,P2_bank_k2_t4,none,0,0,0,0,677490,,0.0,677490,0,15,0,,0,0
P2,P2_bank_k2_t4,basic,45166,0,0,45166,677490,0.0,0.0,722656,0,15,1,0,1,14
P2,P2_bank_k2_t4,runnerup,45166,0,0,45166,677490,0.0,0.0,722656,0,15,1,0,1,14
P2,P2_bank_k3_t0,fresh,0,0,0,0,677490,,0.0,677490,0,15,0,,0,0
P2,P2_bank_k3_t0,none,0,0,0,0,677490,,0.0,677490,0,15,0,,0,0
P2,P2_bank_k3_t0,basic,45166,0,0,45166,677490,0.0,0.0,722656,0,15,1,0,1,14
P2,P2_bank_k3_t0,runnerup,45166,0,0,45166,677490,0.0,0.0,722656,0,15,1,0,1,14
P2,P2_bank_k3_t1,fresh,0,0,0,0,677490,,0.0,677490,0,15,0,,0,0
P2,P2_bank_k3_t1,none,0,0,0,0,677490,,0.0,677490,0,15,0,,0,0
P2,P2_bank_k3_t1,basic,45166,0,0,45166,677490,0.0,0.0,722656,0,15,1,0,1,14
P2,P2_bank_k3_t1,runnerup,45166,0,0,45166,677490,0.0,0.0,722656,0,15,1,0,1,14
P2,P2_bank_k3_t2,fresh,0,0,0,0,677490,,0.0,677490,0,15,0,,0,0
P2,P2_bank_k3_t2,none,0,0,0,0,677490,,0.0,677490,0,15,0,,0,0
P2,P2_bank_k3_t2,basic,45166,0,0,45166,677490,0.0,0.0,722656,0,15,1,0,1,14
P2,P2_bank_k3_t2,runnerup,45166,0,0,45166,677490,0.0,0.0,722656,0,15,1,0,1,14
P2,P2_bank_k3_t3,fresh,0,0,0,0,677490,,0.0,677490,0,15,0,,0,0
P2,P2_bank_k3_t3,none,0,0,0,0,677490,,0.0,677490,0,15,0,,0,0
P2,P2_bank_k3_t3,basic,45166,0,0,45166,677490,0.0,0.0,722656,0,15,1,0,1,14
P2,P2_bank_k3_t3,runnerup,45166,0,0,45166,677490,0.0,0.0,722656,0,15,1,0,1,14
P2,P2_bank_k3_t4,fresh,0,0,0,0,677490,,0.0,677490,0,15,0,,0,0
P2,P2_bank_k3_t4,none,0,0,0,0,677490,,0.0,677490,0,15,0,,0,0
P2,P2_bank_k3_t4,basic,45166,0,0,45166,677490,0.0,0.0,722656,0,15,1,0,1,14
P2,P2_bank_k3_t4,runnerup,45166,0,0,45166,677490,0.0,0.0,722656,0,15,1,0,1,14
P2,P2_bank_k4_t0,fresh,0,0,0,0,677490,,0.0,677490,0,15,0,,0,0
P2,P2_bank_k4_t0,none,0,0,0,0,677490,,0.0,677490,0,15,0,,0,0
P2,P2_bank_k4_t0,basic,45166,0,0,45166,677490,0.0,0.0,722656,0,15,1,0,1,14
P2,P2_bank_k4_t0,runnerup,45166,0,0,45166,677490,0.0,0.0,722656,0,15,1,0,1,14
P2,P2_bank_k4_t1,fresh,0,0,0,0,677490,,0.0,677490,0,15,0,,0,0
P2,P2_bank_k4_t1,none,0,0,0,0,677490,,0.0,677490,0,15,0,,0,0
P2,P2_bank_k4_t1,basic,45166,0,0,45166,677490,0.0,0.0,722656,0,15,1,0,1,14
P2,P2_bank_k4_t1,runnerup,45166,0,0,45166,677490,0.0,0.0,722656,0,15,1,0,1,14
P2,P2_bank_k4_t2,fresh,0,0,0,0,677490,,0.0,677490,0,15,0,,0,0
P2,P2_bank_k4_t2,none,0,0,0,0,677490,,0.0,677490,0,15,0,,0,0
P2,P2_bank_k4_t2,basic,45166,0,0,45166,677490,0.0,0.0,722656,0,15,1,0,1,14
P2,P2_bank_k4_t2,runnerup,45166,0,0,45166,677490,0.0,0.0,722656,0,15,1,0,1,14
P2,P2_bank_k4_t3,fresh,0,0,0,0,677490,,0.0,677490,0,15,0,,0,0
P2,P2_bank_k4_t3,none,0,0,0,0,677490,,0.0,677490,0,15,0,,0,0
P2,P2_bank_k4_t3,basic,45166,0,0,45166,677490,0.0,0.0,722656,0,15,1,0,1,14
P2,P2_bank_k4_t3,runnerup,45166,0,0,45166,677490,0.0,0.0,722656,0,15,1,0,1,14
P2,P2_bank_k4_t4,fresh,0,0,0,0,677490,,0.0,677490,0,15,0,,0,0
P2,P2_bank_k4_t4,none,0,0,0,0,677490,,0.0,677490,0,15,0,,0,0
P2,P2_bank_k4_t4,basic,45166,0,0,45166,677490,0.0,0.0,722656,0,15,1,0,1,14
P2,P2_bank_k4_t4,runnerup,45166,0,0,45166,677490,0.0,0.0,722656,0,15,1,0,1,14
P2,P2_bank_k5_t0,fresh,0,0,0,0,677490,,0.0,677490,0,15,0,,0,0
P2,P2_bank_k5_t0,none,0,0,0,0,677490,,0.0,677490,0,15,0,,0,0
P2,P2_bank_k5_t0,basic,45166,0,0,45166,677490,0.0,0.0,722656,0,15,1,0,1,14
P2,P2_bank_k5_t0,runnerup,45166,0,0,45166,677490,0.0,0.0,722656,0,15,1,0,1,14
P2,P2_bank_k5_t1,fresh,0,0,0,0,677490,,0.0,677490,0,15,0,,0,0
P2,P2_bank_k5_t1,none,0,0,0,0,677490,,0.0,677490,0,15,0,,0,0
P2,P2_bank_k5_t1,basic,45166,0,0,45166,677490,0.0,0.0,722656,0,15,1,0,1,14
P2,P2_bank_k5_t1,runnerup,45166,0,0,45166,677490,0.0,0.0,722656,0,15,1,0,1,14
P2,P2_bank_k5_t2,fresh,0,0,0,0,677490,,0.0,677490,0,15,0,,0,0
P2,P2_bank_k5_t2,none,0,0,0,0,677490,,0.0,677490,0,15,0,,0,0
P2,P2_bank_k5_t2,basic,45166,0,0,45166,677490,0.0,0.0,722656,0,15,1,0,1,14
P2,P2_bank_k5_t2,runnerup,45166,0,0,45166,677490,0.0,0.0,722656,0,15,1,0,1,14
P2,P2_bank_k5_t3,fresh,0,0,0,0,677490,,0.0,677490,0,15,0,,0,0
P2,P2_bank_k5_t3,none,0,0,0,0,677490,,0.0,677490,0,15,0,,0,0
P2,P2_bank_k5_t3,basic,45166,0,0,45166,677490,0.0,0.0,722656,0,15,1,0,1,14
P2,P2_bank_k5_t3,runnerup,45166,0,0,45166,677490,0.0,0.0,722656,0,15,1,0,1,14
P2,P2_bank_k5_t4,fresh,0,0,0,0,677490,,0.0,677490,0,15,0,,0,0
P2,P2_bank_k5_t4,none,0,0,0,0,677490,,0.0,677490,0,15,0,,0,0
P2,P2_bank_k5_t4,basic,45166,0,0,45166,677490,0.0,0.0,722656,0,15,1,0,1,14
P2,P2_bank_k5_t4,runnerup,45166,0,0,45166,677490,0.0,0.0,722656,0,15,1,0,1,14
P2,P2_bank_k10_t0,fresh,0,0,0,0,677490,,0.0,677490,0,15,0,,0,0
P2,P2_bank_k10_t0,none,0,0,0,0,677490,,0.0,677490,0,15,0,,0,0
P2,P2_bank_k10_t0,basic,45166,0,0,45166,677490,0.0,0.0,722656,0,15,1,0,1,14
P2,P2_bank_k10_t0,runnerup,45166,0,0,45166,677490,0.0,0.0,722656,0,15,1,0,1,14
P2,P2_bank_k10_t1,fresh,0,0,0,0,677490,,0.0,677490,0,15,0,,0,0
P2,P2_bank_k10_t1,none,0,0,0,0,677490,,0.0,677490,0,15,0,,0,0
P2,P2_bank_k10_t1,basic,45166,0,0,45166,677490,0.0,0.0,722656,0,15,1,0,1,14
P2,P2_bank_k10_t1,runnerup,45166,0,0,45166,677490,0.0,0.0,722656,0,15,1,0,1,14
P2,P2_bank_k10_t2,fresh,0,0,0,0,677490,,0.0,677490,0,15,0,,0,0
P2,P2_bank_k10_t2,none,0,0,0,0,677490,,0.0,677490,0,15,0,,0,0
P2,P2_bank_k10_t2,basic,45166,0,0,45166,677490,0.0,0.0,722656,0,15,1,0,1,14
P2,P2_bank_k10_t2,runnerup,45166,0,0,45166,677490,0.0,0.0,722656,0,15,1,0,1,14
P2,P2_bank_k10_t3,fresh,0,0,0,0,677490,,0.0,677490,0,15,0,,0,0
P2,P2_bank_k10_t3,none,0,0,0,0,677490,,0.0,677490,0,15,0,,0,0
P2,P2_bank_k10_t3,basic,45166,0,0,45166,677490,0.0,0.0,722656,0,15,1,0,1,14
P2,P2_bank_k10_t3,runnerup,45166,0,0,45166,677490,0.0,0.0,722656,0,15,1,0,1,14
P2,P2_bank_k10_t4,fresh,0,0,0,0,677490,,0.0,677490,0,15,0,,0,0
P2,P2_bank_k10_t4,none,0,0,0,0,677490,,0.0,677490,0,15,0,,0,0
P2,P2_bank_k10_t4,basic,45166,0,0,45166,677490,0.0,0.0,722656,0,15,1,0,1,14
P2,P2_bank_k10_t4,runnerup,45166,0,0,45166,677490,0.0,0.0,722656,0,15,1,0,1,14
P2,P2_bank_k20_t0,fresh,0,0,0,0,677490,,0.0,677490,0,15,0,,0,0
P2,P2_bank_k20_t0,none,0,0,0,0,677490,,0.0,677490,0,15,0,,0,0
P2,P2_bank_k20_t0,basic,45166,0,0,45166,677490,0.0,0.0,722656,0,15,1,0,1,14
P2,P2_bank_k20_t0,runnerup,45166,0,0,45166,677490,0.0,0.0,722656,0,15,1,0,1,14
P2,P2_bank_k20_t1,fresh,0,0,0,0,677490,,0.0,677490,0,15,0,,0,0
P2,P2_bank_k20_t1,none,0,0,0,0,677490,,0.0,677490,0,15,0,,0,0
P2,P2_bank_k20_t1,basic,45166,0,0,45166,677490,0.0,0.0,722656,0,15,1,0,1,14
P2,P2_bank_k20_t1,runnerup,45166,0,0,45166,677490,0.0,0.0,722656,0,15,1,0,1,14
P2,P2_bank_k20_t2,fresh,0,0,0,0,677490,,0.0,677490,0,15,0,,0,0
P2,P2_bank_k20_t2,none,0,0,0,0,677490,,0.0,677490,0,15,0,,0,0
P2,P2_bank_k20_t2,basic,45166,0,0,45166,677490,0.0,0.0,722656,0,15,1,0,1,14
P2,P2_bank_k20_t2,runnerup,45166,0,0,45166,677490,0.0,0.0,722656,0,15,1,0,1,14
P2,P2_bank_k20_t3,fresh,0,0,0,0,677490,,0.0,677490,0,15,0,,0,0
P2,P2_bank_k20_t3,none,0,0,0,0,677490,,0.0,677490,0,15,0,,0,0
P2,P2_bank_k20_t3,basic,45166,0,0,45166,677490,0.0,0.0,722656,0,15,1,0,1,14
P2,P2_bank_k20_t3,runnerup,45166,0,0,45166,677490,0.0,0.0,722656,0,15,1,0,1,14
P2,P2_bank_k20_t4,fresh,0,0,0,0,677490,,0.0,677490,0,15,0,,0,0
P2,P2_bank_k20_t4,none,0,0,0,0,677490,,0.0,677490,0,15,0,,0,0
P2,P2_bank_k20_t4,basic,45166,0,0,45166,677490,0.0,0.0,722656,0,15,1,0,1,14
P2,P2_bank_k20_t4,runnerup,45166,0,0,45166,677490,0.0,0.0,722656,0,15,1,0,1,14
P2,P2_bank_k30_t0,fresh,0,0,0,0,677490,,0.0,677490,0,15,0,,0,0
P2,P2_bank_k30_t0,none,0,0,0,0,677490,,0.0,677490,0,15,0,,0,0
P2,P2_bank_k30_t0,basic,45166,0,0,45166,677490,0.0,0.0,722656,0,15,1,0,1,14
P2,P2_bank_k30_t0,runnerup,45166,0,0,45166,677490,0.0,0.0,722656,0,15,1,0,1,14
P2,P2_bank_k30_t1,fresh,0,0,0,0,677490,,0.0,677490,0,15,0,,0,0
P2,P2_bank_k30_t1,none,0,0,0,0,677490,,0.0,677490,0,15,0,,0,0
P2,P2_bank_k30_t1,basic,45166,0,0,45166,677490,0.0,0.0,722656,0,15,1,0,1,14
P2,P2_bank_k30_t1,runnerup,45166,0,0,45166,677490,0.0,0.0,722656,0,15,1,0,1,14
P2,P2_bank_k30_t2,fresh,0,0,0,0,677490,,0.0,677490,0,15,0,,0,0
P2,P2_bank_k30_t2,none,0,0,0,0,677490,,0.0,677490,0,15,0,,0,0
P2,P2_bank_k30_t2,basic,45166,0,0,45166,677490,0.0,0.0,722656,0,15,1,0,1,14
P2,P2_bank_k30_t2,runnerup,45166,0,0,45166,677490,0.0,0.0,722656,0,15,1,0,1,14
P2,P2_bank_k30_t3,fresh,0,0,0,0,677490,,0.0,677490,0,15,0,,0,0
P2,P2_bank_k30_t3,none,0,0,0,0,677490,,0.0,677490,0,15,0,,0,0
P2,P2_bank_k30_t3,basic,45166,0,0,45166,677490,0.0,0.0,722656,0,15,1,0,1,14
P2,P2_bank_k30_t3,runnerup,45166,0,0,45166,677490,0.0,0.0,722656,0,15,1,0,1,14
P2,P2_bank_k30_t4,fresh,0,0,0,0,677490,,0.0,677490,0,15,0,,0,0
P2,P2_bank_k30_t4,none,0,0,0,0,677490,,0.0,677490,0,15,0,,0,0
P2,P2_bank_k30_t4,basic,45166,0,0,45166,677490,0.0,0.0,722656,0,15,1,0,1,14
P2,P2_bank_k30_t4,runnerup,45166,0,0,45166,677490,0.0,0.0,722656,0,15,1,0,1,14
P2,P2_bank_k40_t0,fresh,0,0,0,0,677490,,0.0,677490,0,15,0,,0,0
P2,P2_bank_k40_t0,none,0,0,0,0,677490,,0.0,677490,0,15,0,,0,0
P2,P2_bank_k40_t0,basic,45166,0,0,45166,677490,0.0,0.0,722656,0,15,1,0,1,14
P2,P2_bank_k40_t0,runnerup,45166,0,0,45166,677490,0.0,0.0,722656,0,15,1,0,1,14
P2,P2_bank_k40_t1,fresh,0,0,0,0,677490,,0.0,677490,0,15,0,,0,0
P2,P2_bank_k40_t1,none,0,0,0,0,677490,,0.0,677490,0,15,0,,0,0
P2,P2_bank_k40_t1,basic,45166,0,0,45166,677490,0.0,0.0,722656,0,15,1,0,1,14
P2,P2_bank_k40_t1,runnerup,45166,0,0,45166,677490,0.0,0.0,722656,0,15,1,0,1,14
P2,P2_bank_k40_t2,fresh,0,0,0,0,677490,,0.0,677490,0,15,0,,0,0
P2,P2_bank_k40_t2,none,0,0,0,0,677490,,0.0,677490,0,15,0,,0,0
P2,P2_bank_k40_t2,basic,45166,0,0,45166,677490,0.0,0.0,722656,0,15,1,0,1,14
P2,P2_bank_k40_t2,runnerup,45166,0,0,45166,677490,0.0,0.0,722656,0,15,1,0,1,14
P2,P2_bank_k40_t3,fresh,0,0,0,0,677490,,0.0,677490,0,15,0,,0,0
P2,P2_bank_k40_t3,none,0,0,0,0,677490,,0.0,677490,0,15,0,,0,0
P2,P2_bank_k40_t3,basic,45166,0,0,45166,677490,0.0,0.0,722656,0,15,1,0,1,14
P2,P2_bank_k40_t3,runnerup,45166,0,0,45166,677490,0.0,0.0,722656,0,15,1,0,1,14
P2,P2_bank_k40_t4,fresh,0,0,0,0,677490,,0.0,677490,0,15,0,,0,0
P2,P2_bank_k40_t4,none,0,0,0,0,677490,,0.0,677490,0,15,0,,0,0
P2,P2_bank_k40_t4,basic,45166,0,0,45166,677490,0.0,0.0,722656,0,15,1,0,1,14
P2,P2_bank_k40_t4,runnerup,45166,0,0,45166,677490,0.0,0.0,722656,0,15,1,0,1,14
P2,P2_bank_k50_t0,fresh,0,0,0,0,677490,,0.0,677490,0,15,0,,0,0
P2,P2_bank_k50_t0,none,0,0,0,0,677490,,0.0,677490,0,15,0,,0,0
P2,P2_bank_k50_t0,basic,45166,0,0,45166,677490,0.0,0.0,722656,0,15,1,0,1,14
P2,P2_bank_k50_t0,runnerup,45166,0,0,45166,677490,0.0,0.0,722656,0,15,1,0,1,14
P2,P2_bank_k50_t1,fresh,0,0,0,0,677490,,0.0,677490,0,15,0,,0,0
P2,P2_bank_k50_t1,none,0,0,0,0,677490,,0.0,677490,0,15,0,,0,0
P2,P2_bank_k50_t1,basic,45166,0,0,45166,677490,0.0,0.0,722656,0,15,1,0,1,14
P2,P2_bank_k50_t1,runnerup,45166,0,0,45166,677490,0.0,0.0,722656,0,15,1,0,1,14
P2,P2_bank_k50_t2,fresh,0,0,0,0,677490,,0.0,677490,0,15,0,,0,0
P2,P2_bank_k50_t2,none,0,0,0,0,677490,,0.0,677490,0,15,0,,0,0
P2,P2_bank_k50_t2,basic,45166,0,0,45166,677490,0.0,0.0,722656,0,15,1,0,1,14
P2,P2_bank_k50_t2,runnerup,45166,0,0,45166,677490,0.0,0.0,722656,0,15,1,0,1,14
P2,P2_bank_k50_t3,fresh,0,0,0,0,677490,,0.0,677490,0,15,0,,0,0
P2,P2_bank_k50_t3,none,0,0,0,0,677490,,0.0,677490,0,15,0,,0,0
P2,P2_bank_k50_t3,basic,45166,0,0,45166,677490,0.0,0.0,722656,0,15,1,0,1,14
P2,P2_bank_k50_t3,runnerup,45166,0,0,45166,677490,0.0,0.0,722656,0,15,1,0,1,14
P2,P2_bank_k50_t4,fresh,0,0,0,0,677490,,0.0,677490,0,15,0,,0,0
P2,P2_bank_k50_t4,none,0,0,0,0,677490,,0.0,677490,0,15,0,,0,0
P2,P2_bank_k50_t4,basic,45166,0,0,45166,677490,0.0,0.0,722656,0,15,1,0,1,14
P2,P2_bank_k50_t4,runnerup,45166,0,0,45166,677490,0.0,0.0,722656,0,15,1,0,1,14
P2,P2_credit_k4_t0,fresh,0,0,0,0,449550,,0.0,449550,0,15,0,,0,0
P2,P2_credit_k4_t0,none,0,0,0,0,449550,,0.0,449550,0,15,0,,0,0
P2,P2_credit_k4_t0,basic,29970,0,0,29970,449550,0.0,0.0,479520,0,15,1,0,1,14
P2,P2_credit_k4_t0,runnerup,29970,0,0,29970,449550,0.0,0.0,479520,0,15,1,0,1,14
P2,P2_credit_k4_t1,fresh,0,0,0,0,449550,,0.0,449550,0,15,0,,0,0
P2,P2_credit_k4_t1,none,0,0,0,0,449550,,0.0,449550,0,15,0,,0,0
P2,P2_credit_k4_t1,basic,29970,0,0,29970,449550,0.0,0.0,479520,0,15,1,0,1,14
P2,P2_credit_k4_t1,runnerup,29970,0,0,29970,449550,0.0,0.0,479520,0,15,1,0,1,14
P2,P2_credit_k4_t2,fresh,0,0,0,0,449550,,0.0,449550,0,15,0,,0,0
P2,P2_credit_k4_t2,none,0,0,0,0,449550,,0.0,449550,0,15,0,,0,0
P2,P2_credit_k4_t2,basic,29970,0,0,29970,449550,0.0,0.0,479520,0,15,1,0,1,14
P2,P2_credit_k4_t2,runnerup,29970,0,0,29970,449550,0.0,0.0,479520,0,15,1,0,1,14
P2,P2_credit_k4_t3,fresh,0,0,0,0,449550,,0.0,449550,0,15,0,,0,0
P2,P2_credit_k4_t3,none,0,0,0,0,449550,,0.0,449550,0,15,0,,0,0
P2,P2_credit_k4_t3,basic,29970,0,0,29970,449550,0.0,0.0,479520,0,15,1,0,1,14
P2,P2_credit_k4_t3,runnerup,29970,0,0,29970,449550,0.0,0.0,479520,0,15,1,0,1,14
P2,P2_credit_k4_t4,fresh,0,0,0,0,449550,,0.0,449550,0,15,0,,0,0
P2,P2_credit_k4_t4,none,0,0,0,0,449550,,0.0,449550,0,15,0,,0,0
P2,P2_credit_k4_t4,basic,29970,0,0,29970,449550,0.0,0.0,479520,0,15,1,0,1,14
P2,P2_credit_k4_t4,runnerup,29970,0,0,29970,449550,0.0,0.0,479520,0,15,1,0,1,14
P2,P2_credit_k5_t0,fresh,0,0,0,0,449550,,0.0,449550,0,15,0,,0,0
P2,P2_credit_k5_t0,none,0,0,0,0,449550,,0.0,449550,0,15,0,,0,0
P2,P2_credit_k5_t0,basic,29970,0,0,29970,449550,0.0,0.0,479520,0,15,1,0,1,14
P2,P2_credit_k5_t0,runnerup,29970,0,0,29970,449550,0.0,0.0,479520,0,15,1,0,1,14
P2,P2_credit_k5_t1,fresh,0,0,0,0,449550,,0.0,449550,0,15,0,,0,0
P2,P2_credit_k5_t1,none,0,0,0,0,449550,,0.0,449550,0,15,0,,0,0
P2,P2_credit_k5_t1,basic,29970,0,0,29970,449550,0.0,0.0,479520,0,15,1,0,1,14
P2,P2_credit_k5_t1,runnerup,29970,0,0,29970,449550,0.0,0.0,479520,0,15,1,0,1,14
P2,P2_credit_k5_t2,fresh,0,0,0,0,449550,,0.0,449550,0,15,0,,0,0
P2,P2_credit_k5_t2,none,0,0,0,0,449550,,0.0,449550,0,15,0,,0,0
P2,P2_credit_k5_t2,basic,29970,0,0,29970,449550,0.0,0.0,479520,0,15,1,0,1,14
P2,P2_credit_k5_t2,runnerup,29970,0,0,29970,449550,0.0,0.0,479520,0,15,1,0,1,14
P2,P2_credit_k5_t3,fresh,0,0,0,0,449550,,0.0,449550,0,15,0,,0,0
P2,P2_credit_k5_t3,none,0,0,0,0,449550,,0.0,449550,0,15,0,,0,0
P2,P2_credit_k5_t3,basic,29970,0,0,29970,449550,0.0,0.0,479520,0,15,1,0,1,14
P2,P2_credit_k5_t3,runnerup,29970,0,0,29970,449550,0.0,0.0,479520,0,15,1,0,1,14
P2,P2_credit_k5_t4,fresh,0,0,0,0,449550,,0.0,449550,0,15,0,,0,0
P2,P2_credit_k5_t4,none,0,0,0,0,449550,,0.0,449550,0,15,0,,0,0
P2,P2_credit_k5_t4,basic,29970,0,0,29970,449550,0.0,0.0,479520,0,15,1,0,1,14
P2,P2_credit_k5_t4,runnerup,29970,0,0,29970,449550,0.0,0.0,479520,0,15,1,0,1,14
P2,P2_credit_k6_t0,fresh,0,0,0,0,449550,,0.0,449550,0,15,0,,0,0
P2,P2_credit_k6_t0,none,0,0,0,0,449550,,0.0,449550,0,15,0,,0,0
P2,P2_credit_k6_t0,basic,29970,0,0,29970,449550,0.0,0.0,479520,0,15,1,0,1,14
P2,P2_credit_k6_t0,runnerup,29970,0,0,29970,449550,0.0,0.0,479520,0,15,1,0,1,14
P2,P2_credit_k6_t1,fresh,0,0,0,0,449550,,0.0,449550,0,15,0,,0,0
P2,P2_credit_k6_t1,none,0,0,0,0,449550,,0.0,449550,0,15,0,,0,0
P2,P2_credit_k6_t1,basic,29970,0,0,29970,449550,0.0,0.0,479520,0,15,1,0,1,14
P2,P2_credit_k6_t1,runnerup,29970,0,0,29970,449550,0.0,0.0,479520,0,15,1,0,1,14
P2,P2_credit_k6_t2,fresh,0,0,0,0,449550,,0.0,449550,0,15,0,,0,0
P2,P2_credit_k6_t2,none,0,0,0,0,449550,,0.0,449550,0,15,0,,0,0
P2,P2_credit_k6_t2,basic,29970,0,0,29970,449550,0.0,0.0,479520,0,15,1,0,1,14
P2,P2_credit_k6_t2,runnerup,29970,0,0,29970,449550,0.0,0.0,479520,0,15,1,0,1,14
P2,P2_credit_k6_t3,fresh,0,0,0,0,449550,,0.0,449550,0,15,0,,0,0
P2,P2_credit_k6_t3,none,0,0,0,0,449550,,0.0,449550,0,15,0,,0,0
P2,P2_credit_k6_t3,basic,29970,0,0,29970,449550,0.0,0.0,479520,0,15,1,0,1,14
P2,P2_credit_k6_t3,runnerup,29970,0,0,29970,449550,0.0,0.0,479520,0,15,1,0,1,14
P2,P2_credit_k6_t4,fresh,0,0,0,0,449550,,0.0,449550,0,15,0,,0,0
P2,P2_credit_k6_t4,none,0,0,0,0,449550,,0.0,449550,0,15,0,,0,0
P2,P2_credit_k6_t4,basic,29970,0,0,29970,449550,0.0,0.0,479520,0,15,1,0,1,14
P2,P2_credit_k6_t4,runnerup,29970,0,0,29970,449550,0.0,0.0,479520,0,15,1,0,1,14
P2,P2_credit_k7_t0,fresh,0,0,0,0,449550,,0.0,449550,0,15,0,,0,0
P2,P2_credit_k7_t0,none,0,0,0,0,449550,,0.0,449550,0,15,0,,0,0
P2,P2_credit_k7_t0,basic,29970,0,0,29970,449550,0.0,0.0,479520,0,15,1,0,1,14
P2,P2_credit_k7_t0,runnerup,29970,0,0,29970,449550,0.0,0.0,479520,0,15,1,0,1,14
P2,P2_credit_k7_t1,fresh,0,0,0,0,449550,,0.0,449550,0,15,0,,0,0
P2,P2_credit_k7_t1,none,0,0,0,0,449550,,0.0,449550,0,15,0,,0,0
P2,P2_credit_k7_t1,basic,29970,0,0,29970,449550,0.0,0.0,479520,0,15,1,0,1,14
P2,P2_credit_k7_t1,runnerup,29970,0,0,29970,449550,0.0,0.0,479520,0,15,1,0,1,14
P2,P2_credit_k7_t2,fresh,0,0,0,0,449550,,0.0,449550,0,15,0,,0,0
P2,P2_credit_k7_t2,none,0,0,0,0,449550,,0.0,449550,0,15,0,,0,0
P2,P2_credit_k7_t2,basic,29970,0,0,29970,449550,0.0,0.0,479520,0,15,1,0,1,14
P2,P2_credit_k7_t2,runnerup,29970,4,0,29966,449550,0.0001334668001334668,0.0,479516,4,15,1,0,1,14
P2,P2_credit_k7_t3,fresh,0,0,0,0,449550,,0.0,449550,0,15,0,,0,0
P2,P2_credit_k7_t3,none,0,0,0,0,449550,,0.0,449550,0,15,0,,0,0
P2,P2_credit_k7_t3,basic,29970,0,0,29970,449550,0.0,0.0,479520,0,15,1,0,1,14
P2,P2_credit_k7_t3,runnerup,29970,0,0,29970,449550,0.0,0.0,479520,0,15,1,0,1,14
P2,P2_credit_k7_t4,fresh,0,0,0,0,449550,,0.0,449550,0,15,0,,0,0
P2,P2_credit_k7_t4,none,0,0,0,0,449550,,0.0,449550,0,15,0,,0,0
P2,P2_credit_k7_t4,basic,29970,0,0,29970,449550,0.0,0.0,479520,0,15,1,0,1,14
P2,P2_credit_k7_t4,runnerup,29970,0,0,29970,449550,0.0,0.0,479520,0,15,1,0,1,14
P2,P2_credit_k8_t0,fresh,0,0,0,0,449550,,0.0,449550,0,15,0,,0,0
P2,P2_credit_k8_t0,none,0,0,0,0,449550,,0.0,449550,0,15,0,,0,0
P2,P2_credit_k8_t0,basic,29970,0,0,29970,449550,0.0,0.0,479520,0,15,1,0,1,14
P2,P2_credit_k8_t0,runnerup,29970,0,0,29970,449550,0.0,0.0,479520,0,15,1,0,1,14
P2,P2_credit_k8_t1,fresh,0,0,0,0,449550,,0.0,449550,0,15,0,,0,0
P2,P2_credit_k8_t1,none,0,0,0,0,449550,,0.0,449550,0,15,0,,0,0
P2,P2_credit_k8_t1,basic,29970,0,0,29970,449550,0.0,0.0,479520,0,15,1,0,1,14
P2,P2_credit_k8_t1,runnerup,29970,0,0,29970,449550,0.0,0.0,479520,0,15,1,0,1,14
P2,P2_credit_k8_t2,fresh,0,0,0,0,449550,,0.0,449550,0,15,0,,0,0
P2,P2_credit_k8_t2,none,0,0,0,0,449550,,0.0,449550,0,15,0,,0,0
P2,P2_credit_k8_t2,basic,29970,0,0,29970,449550,0.0,0.0,479520,0,15,1,0,1,14
P2,P2_credit_k8_t2,runnerup,29970,0,0,29970,449550,0.0,0.0,479520,0,15,1,0,1,14
P2,P2_credit_k8_t3,fresh,0,0,0,0,449550,,0.0,449550,0,15,0,,0,0
P2,P2_credit_k8_t3,none,0,0,0,0,449550,,0.0,449550,0,15,0,,0,0
P2,P2_credit_k8_t3,basic,29970,0,0,29970,449550,0.0,0.0,479520,0,15,1,0,1,14
P2,P2_credit_k8_t3,runnerup,29970,0,0,29970,449550,0.0,0.0,479520,0,15,1,0,1,14
P2,P2_credit_k8_t4,fresh,0,0,0,0,449550,,0.0,449550,0,15,0,,0,0
P2,P2_credit_k8_t4,none,0,0,0,0,449550,,0.0,449550,0,15,0,,0,0
P2,P2_credit_k8_t4,basic,29970,0,0,29970,449550,0.0,0.0,479520,0,15,1,0,1,14
P2,P2_credit_k8_t4,runnerup,29970,0,0,29970,449550,0.0,0.0,479520,0,15,1,0,1,14
P2,P2_credit_k9_t0,fresh,0,0,0,0,449550,,0.0,449550,0,15,0,,0,0
P2,P2_credit_k9_t0,none,0,0,0,0,449550,,0.0,449550,0,15,0,,0,0
P2,P2_credit_k9_t0,basic,29970,0,0,29970,449550,0.0,0.0,479520,0,15,1,0,1,14
P2,P2_credit_k9_t0,runnerup,29970,0,0,29970,449550,0.0,0.0,479520,0,15,1,0,1,14
P2,P2_credit_k9_t1,fresh,0,0,0,0,449550,,0.0,449550,0,15,0,,0,0
P2,P2_credit_k9_t1,none,0,0,0,0,449550,,0.0,449550,0,15,0,,0,0
P2,P2_credit_k9_t1,basic,29970,0,0,29970,449550,0.0,0.0,479520,0,15,1,0,1,14
P2,P2_credit_k9_t1,runnerup,29970,0,0,29970,449550,0.0,0.0,479520,0,15,1,0,1,14
P2,P2_credit_k9_t2,fresh,0,0,0,0,449550,,0.0,449550,0,15,0,,0,0
P2,P2_credit_k9_t2,none,0,0,0,0,449550,,0.0,449550,0,15,0,,0,0
P2,P2_credit_k9_t2,basic,29970,0,0,29970,449550,0.0,0.0,479520,0,15,1,0,1,14
P2,P2_credit_k9_t2,runnerup,29970,0,0,29970,449550,0.0,0.0,479520,0,15,1,0,1,14
P2,P2_credit_k9_t3,fresh,0,0,0,0,449550,,0.0,449550,0,15,0,,0,0
P2,P2_credit_k9_t3,none,0,0,0,0,449550,,0.0,449550,0,15,0,,0,0
P2,P2_credit_k9_t3,basic,29970,0,0,29970,449550,0.0,0.0,479520,0,15,1,0,1,14
P2,P2_credit_k9_t3,runnerup,29970,0,0,29970,449550,0.0,0.0,479520,0,15,1,0,1,14
P2,P2_credit_k9_t4,fresh,0,0,0,0,449550,,0.0,449550,0,15,0,,0,0
P2,P2_credit_k9_t4,none,0,0,0,0,449550,,0.0,449550,0,15,0,,0,0
P2,P2_credit_k9_t4,basic,29970,0,0,29970,449550,0.0,0.0,479520,0,15,1,0,1,14
P2,P2_credit_k9_t4,runnerup,29970,0,0,29970,449550,0.0,0.0,479520,0,15,1,0,1,14
P2,P2_credit_k10_t0,fresh,0,0,0,0,449550,,0.0,449550,0,15,0,,0,0
P2,P2_credit_k10_t0,none,0,0,0,0,449550,,0.0,449550,0,15,0,,0,0
P2,P2_credit_k10_t0,basic,29970,0,0,29970,449550,0.0,0.0,479520,0,15,1,0,1,14
P2,P2_credit_k10_t0,runnerup,29970,0,0,29970,449550,0.0,0.0,479520,0,15,1,0,1,14
P2,P2_credit_k10_t1,fresh,0,0,0,0,449550,,0.0,449550,0,15,0,,0,0
P2,P2_credit_k10_t1,none,0,0,0,0,449550,,0.0,449550,0,15,0,,0,0
P2,P2_credit_k10_t1,basic,29970,0,0,29970,449550,0.0,0.0,479520,0,15,1,0,1,14
P2,P2_credit_k10_t1,runnerup,29970,0,0,29970,449550,0.0,0.0,479520,0,15,1,0,1,14
P2,P2_credit_k10_t2,fresh,0,0,0,0,449550,,0.0,449550,0,15,0,,0,0
P2,P2_credit_k10_t2,none,0,0,0,0,449550,,0.0,449550,0,15,0,,0,0
P2,P2_credit_k10_t2,basic,29970,0,0,29970,449550,0.0,0.0,479520,0,15,1,0,1,14
P2,P2_credit_k10_t2,runnerup,29970,0,0,29970,449550,0.0,0.0,479520,0,15,1,0,1,14
P2,P2_credit_k10_t3,fresh,0,0,0,0,449550,,0.0,449550,0,15,0,,0,0
P2,P2_credit_k10_t3,none,0,0,0,0,449550,,0.0,449550,0,15,0,,0,0
P2,P2_credit_k10_t3,basic,29970,0,0,29970,449550,0.0,0.0,479520,0,15,1,0,1,14
P2,P2_credit_k10_t3,runnerup,29970,0,0,29970,449550,0.0,0.0,479520,0,15,1,0,1,14
P2,P2_credit_k10_t4,fresh,0,0,0,0,449550,,0.0,449550,0,15,0,,0,0
P2,P2_credit_k10_t4,none,0,0,0,0,449550,,0.0,449550,0,15,0,,0,0
P2,P2_credit_k10_t4,basic,29970,0,0,29970,449550,0.0,0.0,479520,0,15,1,0,1,14
P2,P2_credit_k10_t4,runnerup,29970,0,0,29970,449550,0.0,0.0,479520,0,15,1,0,1,14
P2,P2_credit_k11_t0,fresh,0,0,0,0,449550,,0.0,449550,0,15,0,,0,0
P2,P2_credit_k11_t0,none,0,0,0,0,449550,,0.0,449550,0,15,0,,0,0
P2,P2_credit_k11_t0,basic,29970,0,0,29970,449550,0.0,0.0,479520,0,15,1,0,1,14
P2,P2_credit_k11_t0,runnerup,29970,0,0,29970,449550,0.0,0.0,479520,0,15,1,0,1,14
P2,P2_credit_k11_t1,fresh,0,0,0,0,449550,,0.0,449550,0,15,0,,0,0
P2,P2_credit_k11_t1,none,0,0,0,0,449550,,0.0,449550,0,15,0,,0,0
P2,P2_credit_k11_t1,basic,29970,0,0,29970,449550,0.0,0.0,479520,0,15,1,0,1,14
P2,P2_credit_k11_t1,runnerup,29970,0,0,29970,449550,0.0,0.0,479520,0,15,1,0,1,14
P2,P2_credit_k11_t2,fresh,0,0,0,0,449550,,0.0,449550,0,15,0,,0,0
P2,P2_credit_k11_t2,none,0,0,0,0,449550,,0.0,449550,0,15,0,,0,0
P2,P2_credit_k11_t2,basic,29970,0,0,29970,449550,0.0,0.0,479520,0,15,1,0,1,14
P2,P2_credit_k11_t2,runnerup,29970,0,0,29970,449550,0.0,0.0,479520,0,15,1,0,1,14
P2,P2_credit_k11_t3,fresh,0,0,0,0,449550,,0.0,449550,0,15,0,,0,0
P2,P2_credit_k11_t3,none,0,0,0,0,449550,,0.0,449550,0,15,0,,0,0
P2,P2_credit_k11_t3,basic,29970,0,0,29970,449550,0.0,0.0,479520,0,15,1,0,1,14
P2,P2_credit_k11_t3,runnerup,29970,0,0,29970,449550,0.0,0.0,479520,0,15,1,0,1,14
P2,P2_credit_k11_t4,fresh,0,0,0,0,449550,,0.0,449550,0,15,0,,0,0
P2,P2_credit_k11_t4,none,0,0,0,0,449550,,0.0,449550,0,15,0,,0,0
P2,P2_credit_k11_t4,basic,29970,0,0,29970,449550,0.0,0.0,479520,0,15,1,0,1,14
P2,P2_credit_k11_t4,runnerup,29970,0,0,29970,449550,0.0,0.0,479520,0,15,1,0,1,14
P2,P2_credit_k12_t0,fresh,0,0,0,0,449550,,0.0,449550,0,15,0,,0,0
P2,P2_credit_k12_t0,none,0,0,0,0,449550,,0.0,449550,0,15,0,,0,0
P2,P2_credit_k12_t0,basic,29970,0,0,29970,449550,0.0,0.0,479520,0,15,1,0,1,14
P2,P2_credit_k12_t0,runnerup,29970,0,0,29970,449550,0.0,0.0,479520,0,15,1,0,1,14
P2,P2_credit_k12_t1,fresh,0,0,0,0,449550,,0.0,449550,0,15,0,,0,0
P2,P2_credit_k12_t1,none,0,0,0,0,449550,,0.0,449550,0,15,0,,0,0
P2,P2_credit_k12_t1,basic,29970,0,0,29970,449550,0.0,0.0,479520,0,15,1,0,1,14
P2,P2_credit_k12_t1,runnerup,29970,0,0,29970,449550,0.0,0.0,479520,0,15,1,0,1,14
P2,P2_credit_k12_t2,fresh,0,0,0,0,449550,,0.0,449550,0,15,0,,0,0
P2,P2_credit_k12_t2,none,0,0,0,0,449550,,0.0,449550,0,15,0,,0,0
P2,P2_credit_k12_t2,basic,29970,0,0,29970,449550,0.0,0.0,479520,0,15,1,0,1,14
P2,P2_credit_k12_t2,runnerup,29970,0,0,29970,449550,0.0,0.0,479520,0,15,1,0,1,14
P2,P2_credit_k12_t3,fresh,0,0,0,0,449550,,0.0,449550,0,15,0,,0,0
P2,P2_credit_k12_t3,none,0,0,0,0,449550,,0.0,449550,0,15,0,,0,0
P2,P2_credit_k12_t3,basic,29970,0,0,29970,449550,0.0,0.0,479520,0,15,1,0,1,14
P2,P2_credit_k12_t3,runnerup,29970,0,0,29970,449550,0.0,0.0,479520,0,15,1,0,1,14
P2,P2_credit_k12_t4,fresh,0,0,0,0,449550,,0.0,449550,0,15,0,,0,0
P2,P2_credit_k12_t4,none,0,0,0,0,449550,,0.0,449550,0,15,0,,0,0
P2,P2_credit_k12_t4,basic,29970,0,0,29970,449550,0.0,0.0,479520,0,15,1,0,1,14
P2,P2_credit_k12_t4,runnerup,29970,0,0,29970,449550,0.0,0.0,479520,0,15,1,0,1,14
P2,P2_credit_k13_t0,fresh,0,0,0,0,449550,,0.0,449550,0,15,0,,0,0
P2,P2_credit_k13_t0,none,0,0,0,0,449550,,0.0,449550,0,15,0,,0,0
P2,P2_credit_k13_t0,basic,29970,0,0,29970,449550,0.0,0.0,479520,0,15,1,0,1,14
P2,P2_credit_k13_t0,runnerup,29970,0,0,29970,449550,0.0,0.0,479520,0,15,1,0,1,14
P2,P2_credit_k13_t1,fresh,0,0,0,0,449550,,0.0,449550,0,15,0,,0,0
P2,P2_credit_k13_t1,none,0,0,0,0,449550,,0.0,449550,0,15,0,,0,0
P2,P2_credit_k13_t1,basic,29970,0,0,29970,449550,0.0,0.0,479520,0,15,1,0,1,14
P2,P2_credit_k13_t1,runnerup,29970,0,0,29970,449550,0.0,0.0,479520,0,15,1,0,1,14
P2,P2_credit_k13_t2,fresh,0,0,0,0,449550,,0.0,449550,0,15,0,,0,0
P2,P2_credit_k13_t2,none,0,0,0,0,449550,,0.0,449550,0,15,0,,0,0
P2,P2_credit_k13_t2,basic,29970,0,0,29970,449550,0.0,0.0,479520,0,15,1,0,1,14
P2,P2_credit_k13_t2,runnerup,29970,0,0,29970,449550,0.0,0.0,479520,0,15,1,0,1,14
P2,P2_credit_k13_t3,fresh,0,0,0,0,449550,,0.0,449550,0,15,0,,0,0
P2,P2_credit_k13_t3,none,0,0,0,0,449550,,0.0,449550,0,15,0,,0,0
P2,P2_credit_k13_t3,basic,29970,0,0,29970,449550,0.0,0.0,479520,0,15,1,0,1,14
P2,P2_credit_k13_t3,runnerup,29970,0,0,29970,449550,0.0,0.0,479520,0,15,1,0,1,14
P2,P2_credit_k13_t4,fresh,0,0,0,0,449550,,0.0,449550,0,15,0,,0,0
P2,P2_credit_k13_t4,none,0,0,0,0,449550,,0.0,449550,0,15,0,,0,0
P2,P2_credit_k13_t4,basic,29970,0,0,29970,449550,0.0,0.0,479520,0,15,1,0,1,14
P2,P2_credit_k13_t4,runnerup,29970,0,0,29970,449550,0.0,0.0,479520,0,15,1,0,1,14
P2,P2_credit_k14_t0,fresh,0,0,0,0,449550,,0.0,449550,0,15,0,,0,0
P2,P2_credit_k14_t0,none,0,0,0,0,449550,,0.0,449550,0,15,0,,0,0
P2,P2_credit_k14_t0,basic,29970,0,0,29970,449550,0.0,0.0,479520,0,15,1,0,1,14
P2,P2_credit_k14_t0,runnerup,29970,0,0,29970,449550,0.0,0.0,479520,0,15,1,0,1,14
P2,P2_credit_k14_t1,fresh,0,0,0,0,449550,,0.0,449550,0,15,0,,0,0
P2,P2_credit_k14_t1,none,0,0,0,0,449550,,0.0,449550,0,15,0,,0,0
P2,P2_credit_k14_t1,basic,29970,0,0,29970,449550,0.0,0.0,479520,0,15,1,0,1,14
P2,P2_credit_k14_t1,runnerup,29970,0,0,29970,449550,0.0,0.0,479520,0,15,1,0,1,14
P2,P2_credit_k14_t2,fresh,0,0,0,0,449550,,0.0,449550,0,15,0,,0,0
P2,P2_credit_k14_t2,none,0,0,0,0,449550,,0.0,449550,0,15,0,,0,0
P2,P2_credit_k14_t2,basic,29970,0,0,29970,449550,0.0,0.0,479520,0,15,1,0,1,14
P2,P2_credit_k14_t2,runnerup,29970,0,0,29970,449550,0.0,0.0,479520,0,15,1,0,1,14
P2,P2_credit_k14_t3,fresh,0,0,0,0,449550,,0.0,449550,0,15,0,,0,0
P2,P2_credit_k14_t3,none,0,0,0,0,449550,,0.0,449550,0,15,0,,0,0
P2,P2_credit_k14_t3,basic,29970,0,0,29970,449550,0.0,0.0,479520,0,15,1,0,1,14
P2,P2_credit_k14_t3,runnerup,29970,0,0,29970,449550,0.0,0.0,479520,0,15,1,0,1,14
P2,P2_credit_k14_t4,fresh,0,0,0,0,449550,,0.0,449550,0,15,0,,0,0
P2,P2_credit_k14_t4,none,0,0,0,0,449550,,0.0,449550,0,15,0,,0,0
P2,P2_credit_k14_t4,basic,29970,0,0,29970,449550,0.0,0.0,479520,0,15,1,0,1,14
P2,P2_credit_k14_t4,runnerup,29970,0,0,29970,449550,0.0,0.0,479520,0,15,1,0,1,14
P2,P2_credit_k15_t0,fresh,0,0,0,0,449550,,0.0,449550,0,15,0,,0,0
P2,P2_credit_k15_t0,none,0,0,0,0,449550,,0.0,449550,0,15,0,,0,0
P2,P2_credit_k15_t0,basic,29970,0,0,29970,449550,0.0,0.0,479520,0,15,1,0,1,14
P2,P2_credit_k15_t0,runnerup,29970,0,0,29970,449550,0.0,0.0,479520,0,15,1,0,1,14
P2,P2_credit_k15_t1,fresh,0,0,0,0,449550,,0.0,449550,0,15,0,,0,0
P2,P2_credit_k15_t1,none,0,0,0,0,449550,,0.0,449550,0,15,0,,0,0
P2,P2_credit_k15_t1,basic,29970,0,0,29970,449550,0.0,0.0,479520,0,15,1,0,1,14
P2,P2_credit_k15_t1,runnerup,29970,0,0,29970,449550,0.0,0.0,479520,0,15,1,0,1,14
P2,P2_credit_k15_t2,fresh,0,0,0,0,449550,,0.0,449550,0,15,0,,0,0
P2,P2_credit_k15_t2,none,0,0,0,0,449550,,0.0,449550,0,15,0,,0,0
P2,P2_credit_k15_t2,basic,29970,0,0,29970,449550,0.0,0.0,479520,0,15,1,0,1,14
P2,P2_credit_k15_t2,runnerup,29970,0,0,29970,449550,0.0,0.0,479520,0,15,1,0,1,14
P2,P2_credit_k15_t3,fresh,0,0,0,0,449550,,0.0,449550,0,15,0,,0,0
P2,P2_credit_k15_t3,none,0,0,0,0,449550,,0.0,449550,0,15,0,,0,0
P2,P2_credit_k15_t3,basic,29970,0,0,29970,449550,0.0,0.0,479520,0,15,1,0,1,14
P2,P2_credit_k15_t3,runnerup,29970,0,0,29970,449550,0.0,0.0,479520,0,15,1,0,1,14
P2,P2_credit_k15_t4,fresh,0,0,0,0,449550,,0.0,449550,0,15,0,,0,0
P2,P2_credit_k15_t4,none,0,0,0,0,449550,,0.0,449550,0,15,0,,0,0
P2,P2_credit_k15_t4,basic,29970,0,0,29970,449550,0.0,0.0,479520,0,15,1,0,1,14
P2,P2_credit_k15_t4,runnerup,29970,0,0,29970,449550,0.0,0.0,479520,0,15,1,0,1,14
P2,P2_credit_k16_t0,fresh,0,0,0,0,449550,,0.0,449550,0,15,0,,0,0
P2,P2_credit_k16_t0,none,0,0,0,0,449550,,0.0,449550,0,15,0,,0,0
P2,P2_credit_k16_t0,basic,29970,0,0,29970,449550,0.0,0.0,479520,0,15,1,0,1,14
P2,P2_credit_k16_t0,runnerup,29970,0,0,29970,449550,0.0,0.0,479520,0,15,1,0,1,14
P2,P2_credit_k16_t1,fresh,0,0,0,0,449550,,0.0,449550,0,15,0,,0,0
P2,P2_credit_k16_t1,none,0,0,0,0,449550,,0.0,449550,0,15,0,,0,0
P2,P2_credit_k16_t1,basic,29970,0,0,29970,449550,0.0,0.0,479520,0,15,1,0,1,14
P2,P2_credit_k16_t1,runnerup,29970,0,0,29970,449550,0.0,0.0,479520,0,15,1,0,1,14
P2,P2_credit_k16_t2,fresh,0,0,0,0,449550,,0.0,449550,0,15,0,,0,0
P2,P2_credit_k16_t2,none,0,0,0,0,449550,,0.0,449550,0,15,0,,0,0
P2,P2_credit_k16_t2,basic,29970,0,0,29970,449550,0.0,0.0,479520,0,15,1,0,1,14
P2,P2_credit_k16_t2,runnerup,29970,0,0,29970,449550,0.0,0.0,479520,0,15,1,0,1,14
P2,P2_credit_k16_t3,fresh,0,0,0,0,449550,,0.0,449550,0,15,0,,0,0
P2,P2_credit_k16_t3,none,0,0,0,0,449550,,0.0,449550,0,15,0,,0,0
P2,P2_credit_k16_t3,basic,29970,0,0,29970,449550,0.0,0.0,479520,0,15,1,0,1,14
P2,P2_credit_k16_t3,runnerup,29970,0,0,29970,449550,0.0,0.0,479520,0,15,1,0,1,14
P2,P2_credit_k16_t4,fresh,0,0,0,0,449550,,0.0,449550,0,15,0,,0,0
P2,P2_credit_k16_t4,none,0,0,0,0,449550,,0.0,449550,0,15,0,,0,0
P2,P2_credit_k16_t4,basic,29970,0,0,29970,449550,0.0,0.0,479520,0,15,1,0,1,14
P2,P2_credit_k16_t4,runnerup,29970,0,0,29970,449550,0.0,0.0,479520,0,15,1,0,1,14
P3,P3_design15_seed0,fresh,0,0,0,0,499995,,0.0,499995,0,5,0,,0,0
P3,P3_design15_seed0,none,0,0,0,0,499995,,0.0,499995,0,5,0,,0,0
P3,P3_design15_seed0,basic,499995,499992,499992,0,499995,0.9999939999399994,0.9999939999399994,3,0,5,5,,0,0
P3,P3_design15_seed0,runnerup,499995,499992,499992,0,499995,0.9999939999399994,0.9999939999399994,3,0,5,5,,0,0
P3,P3_design15_seed1,fresh,0,0,0,0,499995,,0.0,499995,0,5,0,,0,0
P3,P3_design15_seed1,none,0,0,0,0,499995,,0.0,499995,0,5,0,,0,0
P3,P3_design15_seed1,basic,499995,499989,499989,0,499995,0.9999879998799988,0.9999879998799988,6,0,5,5,,0,0
P3,P3_design15_seed1,runnerup,499995,499989,499989,0,499995,0.9999879998799988,0.9999879998799988,6,0,5,5,,0,0
P3,P3_design15_seed2,fresh,0,0,0,0,499995,,0.0,499995,0,5,0,,0,0
P3,P3_design15_seed2,none,0,0,0,0,499995,,0.0,499995,0,5,0,,0,0
P3,P3_design15_seed2,basic,99999,0,0,99999,499995,0.0,0.0,599994,0,5,1,0,1,4
P3,P3_design15_seed2,runnerup,99999,0,0,99999,499995,0.0,0.0,599994,0,5,1,0,1,4
P3,P3_design15_seed3,fresh,0,0,0,0,499995,,0.0,499995,0,5,0,,0,0
P3,P3_design15_seed3,none,0,0,0,0,499995,,0.0,499995,0,5,0,,0,0
P3,P3_design15_seed3,basic,99999,0,0,99999,499995,0.0,0.0,599994,0,5,1,0,1,4
P3,P3_design15_seed3,runnerup,99999,0,0,99999,499995,0.0,0.0,599994,0,5,1,0,1,4
P3,P3_design15_seed4,fresh,0,0,0,0,499995,,0.0,499995,0,5,0,,0,0
P3,P3_design15_seed4,none,0,0,0,0,499995,,0.0,499995,0,5,0,,0,0
P3,P3_design15_seed4,basic,499995,499987,499987,0,499995,0.9999839998399984,0.9999839998399984,8,0,5,5,,0,0
P3,P3_design15_seed4,runnerup,499995,499987,499987,0,499995,0.9999839998399984,0.9999839998399984,8,0,5,5,,0,0
P3,P3_design16_seed0,fresh,0,0,0,0,499950,,0.0,499950,0,5,0,,0,0
P3,P3_design16_seed0,none,0,0,0,0,499950,,0.0,499950,0,5,0,,0,0
P3,P3_design16_seed0,basic,99990,0,0,99990,499950,0.0,0.0,599940,0,5,1,0,1,4
P3,P3_design16_seed0,runnerup,99990,0,0,99990,499950,0.0,0.0,599940,0,5,1,0,1,4
P3,P3_design16_seed1,fresh,0,0,0,0,499950,,0.0,499950,0,5,0,,0,0
P3,P3_design16_seed1,none,0,0,0,0,499950,,0.0,499950,0,5,0,,0,0
P3,P3_design16_seed1,basic,99990,0,0,99990,499950,0.0,0.0,599940,0,5,1,0,1,4
P3,P3_design16_seed1,runnerup,99990,0,0,99990,499950,0.0,0.0,599940,0,5,1,0,1,4
P3,P3_design16_seed2,fresh,0,0,0,0,499950,,0.0,499950,0,5,0,,0,0
P3,P3_design16_seed2,none,0,0,0,0,499950,,0.0,499950,0,5,0,,0,0
P3,P3_design16_seed2,basic,99990,0,0,99990,499950,0.0,0.0,599940,0,5,1,0,1,4
P3,P3_design16_seed2,runnerup,99990,0,0,99990,499950,0.0,0.0,599940,0,5,1,0,1,4
P3,P3_design16_seed3,fresh,0,0,0,0,499950,,0.0,499950,0,5,0,,0,0
P3,P3_design16_seed3,none,0,0,0,0,499950,,0.0,499950,0,5,0,,0,0
P3,P3_design16_seed3,basic,99990,0,0,99990,499950,0.0,0.0,599940,0,5,1,0,1,4
P3,P3_design16_seed3,runnerup,99990,0,0,99990,499950,0.0,0.0,599940,0,5,1,0,1,4
P3,P3_design16_seed4,fresh,0,0,0,0,499950,,0.0,499950,0,5,0,,0,0
P3,P3_design16_seed4,none,0,0,0,0,499950,,0.0,499950,0,5,0,,0,0
P3,P3_design16_seed4,basic,99990,0,0,99990,499950,0.0,0.0,599940,0,5,1,0,1,4
P3,P3_design16_seed4,runnerup,99990,0,0,99990,499950,0.0,0.0,599940,0,5,1,0,1,4
P3,P3_design0_seed0,fresh,0,0,0,0,499500,,0.0,499500,0,5,0,,0,0
P3,P3_design0_seed0,none,0,0,0,0,499500,,0.0,499500,0,5,0,,0,0
P3,P3_design0_seed0,basic,99900,0,0,99900,499500,0.0,0.0,599400,0,5,1,0,1,4
P3,P3_design0_seed0,runnerup,99900,0,0,99900,499500,0.0,0.0,599400,0,5,1,0,1,4
P3,P3_design0_seed1,fresh,0,0,0,0,499500,,0.0,499500,0,5,0,,0,0
P3,P3_design0_seed1,none,0,0,0,0,499500,,0.0,499500,0,5,0,,0,0
P3,P3_design0_seed1,basic,99900,0,0,99900,499500,0.0,0.0,599400,0,5,1,0,1,4
P3,P3_design0_seed1,runnerup,99900,0,0,99900,499500,0.0,0.0,599400,0,5,1,0,1,4
P3,P3_design0_seed2,fresh,0,0,0,0,499500,,0.0,499500,0,5,0,,0,0
P3,P3_design0_seed2,none,0,0,0,0,499500,,0.0,499500,0,5,0,,0,0
P3,P3_design0_seed2,basic,99900,0,0,99900,499500,0.0,0.0,599400,0,5,1,0,1,4
P3,P3_design0_seed2,runnerup,99900,0,0,99900,499500,0.0,0.0,599400,0,5,1,0,1,4
P3,P3_design0_seed3,fresh,0,0,0,0,499500,,0.0,499500,0,5,0,,0,0
P3,P3_design0_seed3,none,0,0,0,0,499500,,0.0,499500,0,5,0,,0,0
P3,P3_design0_seed3,basic,99900,0,0,99900,499500,0.0,0.0,599400,0,5,1,0,1,4
P3,P3_design0_seed3,runnerup,99900,0,0,99900,499500,0.0,0.0,599400,0,5,1,0,1,4
P3,P3_design0_seed4,fresh,0,0,0,0,499500,,0.0,499500,0,5,0,,0,0
P3,P3_design0_seed4,none,0,0,0,0,499500,,0.0,499500,0,5,0,,0,0
P3,P3_design0_seed4,basic,99900,0,0,99900,499500,0.0,0.0,599400,0,5,1,0,1,4
P3,P3_design0_seed4,runnerup,99900,0,0,99900,499500,0.0,0.0,599400,0,5,1,0,1,4
P3,P3_design1_seed0,fresh,0,0,0,0,1248750,,0.0,1248750,0,5,0,,0,0
P3,P3_design1_seed0,none,0,0,0,0,1248750,,0.0,1248750,0,5,0,,0,0
P3,P3_design1_seed0,basic,249750,0,0,249750,1248750,0.0,0.0,1498500,0,5,1,0,1,4
P3,P3_design1_seed0,runnerup,249750,0,0,249750,1248750,0.0,0.0,1498500,0,5,1,0,1,4
P3,P3_design1_seed1,fresh,0,0,0,0,1248750,,0.0,1248750,0,5,0,,0,0
P3,P3_design1_seed1,none,0,0,0,0,1248750,,0.0,1248750,0,5,0,,0,0
P3,P3_design1_seed1,basic,249750,0,0,249750,1248750,0.0,0.0,1498500,0,5,1,0,1,4
P3,P3_design1_seed1,runnerup,249750,0,0,249750,1248750,0.0,0.0,1498500,0,5,1,0,1,4
P3,P3_design1_seed2,fresh,0,0,0,0,1248750,,0.0,1248750,0,5,0,,0,0
P3,P3_design1_seed2,none,0,0,0,0,1248750,,0.0,1248750,0,5,0,,0,0
P3,P3_design1_seed2,basic,249750,0,0,249750,1248750,0.0,0.0,1498500,0,5,1,0,1,4
P3,P3_design1_seed2,runnerup,249750,0,0,249750,1248750,0.0,0.0,1498500,0,5,1,0,1,4
P3,P3_design1_seed3,fresh,0,0,0,0,1248750,,0.0,1248750,0,5,0,,0,0
P3,P3_design1_seed3,none,0,0,0,0,1248750,,0.0,1248750,0,5,0,,0,0
P3,P3_design1_seed3,basic,249750,0,0,249750,1248750,0.0,0.0,1498500,0,5,1,0,1,4
P3,P3_design1_seed3,runnerup,249750,0,0,249750,1248750,0.0,0.0,1498500,0,5,1,0,1,4
P3,P3_design1_seed4,fresh,0,0,0,0,1248750,,0.0,1248750,0,5,0,,0,0
P3,P3_design1_seed4,none,0,0,0,0,1248750,,0.0,1248750,0,5,0,,0,0
P3,P3_design1_seed4,basic,249750,0,0,249750,1248750,0.0,0.0,1498500,0,5,1,0,1,4
P3,P3_design1_seed4,runnerup,249750,0,0,249750,1248750,0.0,0.0,1498500,0,5,1,0,1,4
P3,P3_design2_seed0,fresh,0,0,0,0,2497500,,0.0,2497500,0,5,0,,0,0
P3,P3_design2_seed0,none,0,0,0,0,2497500,,0.0,2497500,0,5,0,,0,0
P3,P3_design2_seed0,basic,499500,0,0,499500,2497500,0.0,0.0,2997000,0,5,1,0,1,4
P3,P3_design2_seed0,runnerup,499500,0,0,499500,2497500,0.0,0.0,2997000,0,5,1,0,1,4
P3,P3_design2_seed1,fresh,0,0,0,0,2497500,,0.0,2497500,0,5,0,,0,0
P3,P3_design2_seed1,none,0,0,0,0,2497500,,0.0,2497500,0,5,0,,0,0
P3,P3_design2_seed1,basic,499500,0,0,499500,2497500,0.0,0.0,2997000,0,5,1,0,1,4
P3,P3_design2_seed1,runnerup,499500,0,0,499500,2497500,0.0,0.0,2997000,0,5,1,0,1,4
P3,P3_design2_seed2,fresh,0,0,0,0,2497500,,0.0,2497500,0,5,0,,0,0
P3,P3_design2_seed2,none,0,0,0,0,2497500,,0.0,2497500,0,5,0,,0,0
P3,P3_design2_seed2,basic,499500,0,0,499500,2497500,0.0,0.0,2997000,0,5,1,0,1,4
P3,P3_design2_seed2,runnerup,499500,0,0,499500,2497500,0.0,0.0,2997000,0,5,1,0,1,4
P3,P3_design2_seed3,fresh,0,0,0,0,2497500,,0.0,2497500,0,5,0,,0,0
P3,P3_design2_seed3,none,0,0,0,0,2497500,,0.0,2497500,0,5,0,,0,0
P3,P3_design2_seed3,basic,499500,0,0,499500,2497500,0.0,0.0,2997000,0,5,1,0,1,4
P3,P3_design2_seed3,runnerup,499500,0,0,499500,2497500,0.0,0.0,2997000,0,5,1,0,1,4
P3,P3_design2_seed4,fresh,0,0,0,0,2497500,,0.0,2497500,0,5,0,,0,0
P3,P3_design2_seed4,none,0,0,0,0,2497500,,0.0,2497500,0,5,0,,0,0
P3,P3_design2_seed4,basic,499500,0,0,499500,2497500,0.0,0.0,2997000,0,5,1,0,1,4
P3,P3_design2_seed4,runnerup,499500,0,0,499500,2497500,0.0,0.0,2997000,0,5,1,0,1,4
P3,P3_design3_seed0,fresh,0,0,0,0,4995000,,0.0,4995000,0,5,0,,0,0
P3,P3_design3_seed0,none,0,0,0,0,4995000,,0.0,4995000,0,5,0,,0,0
P3,P3_design3_seed0,basic,999000,0,0,999000,4995000,0.0,0.0,5994000,0,5,1,0,1,4
P3,P3_design3_seed0,runnerup,999000,0,0,999000,4995000,0.0,0.0,5994000,0,5,1,0,1,4
P3,P3_design3_seed1,fresh,0,0,0,0,4995000,,0.0,4995000,0,5,0,,0,0
P3,P3_design3_seed1,none,0,0,0,0,4995000,,0.0,4995000,0,5,0,,0,0
P3,P3_design3_seed1,basic,999000,0,0,999000,4995000,0.0,0.0,5994000,0,5,1,0,1,4
P3,P3_design3_seed1,runnerup,999000,0,0,999000,4995000,0.0,0.0,5994000,0,5,1,0,1,4
P3,P3_design3_seed2,fresh,0,0,0,0,4995000,,0.0,4995000,0,5,0,,0,0
P3,P3_design3_seed2,none,0,0,0,0,4995000,,0.0,4995000,0,5,0,,0,0
P3,P3_design3_seed2,basic,999000,0,0,999000,4995000,0.0,0.0,5994000,0,5,1,0,1,4
P3,P3_design3_seed2,runnerup,999000,0,0,999000,4995000,0.0,0.0,5994000,0,5,1,0,1,4
P3,P3_design3_seed3,fresh,0,0,0,0,4995000,,0.0,4995000,0,5,0,,0,0
P3,P3_design3_seed3,none,0,0,0,0,4995000,,0.0,4995000,0,5,0,,0,0
P3,P3_design3_seed3,basic,999000,0,0,999000,4995000,0.0,0.0,5994000,0,5,1,0,1,4
P3,P3_design3_seed3,runnerup,999000,0,0,999000,4995000,0.0,0.0,5994000,0,5,1,0,1,4
P3,P3_design3_seed4,fresh,0,0,0,0,4995000,,0.0,4995000,0,5,0,,0,0
P3,P3_design3_seed4,none,0,0,0,0,4995000,,0.0,4995000,0,5,0,,0,0
P3,P3_design3_seed4,basic,999000,0,0,999000,4995000,0.0,0.0,5994000,0,5,1,0,1,4
P3,P3_design3_seed4,runnerup,999000,0,0,999000,4995000,0.0,0.0,5994000,0,5,1,0,1,4
P3,P3_design4_seed0,fresh,0,0,0,0,499500,,0.0,499500,0,5,0,,0,0
P3,P3_design4_seed0,none,0,0,0,0,499500,,0.0,499500,0,5,0,,0,0
P3,P3_design4_seed0,basic,99900,0,0,99900,499500,0.0,0.0,599400,0,5,1,0,1,4
P3,P3_design4_seed0,runnerup,99900,0,0,99900,499500,0.0,0.0,599400,0,5,1,0,1,4
P3,P3_design4_seed1,fresh,0,0,0,0,499500,,0.0,499500,0,5,0,,0,0
P3,P3_design4_seed1,none,0,0,0,0,499500,,0.0,499500,0,5,0,,0,0
P3,P3_design4_seed1,basic,99900,0,0,99900,499500,0.0,0.0,599400,0,5,1,0,1,4
P3,P3_design4_seed1,runnerup,99900,0,0,99900,499500,0.0,0.0,599400,0,5,1,0,1,4
P3,P3_design4_seed2,fresh,0,0,0,0,499500,,0.0,499500,0,5,0,,0,0
P3,P3_design4_seed2,none,0,0,0,0,499500,,0.0,499500,0,5,0,,0,0
P3,P3_design4_seed2,basic,99900,0,0,99900,499500,0.0,0.0,599400,0,5,1,0,1,4
P3,P3_design4_seed2,runnerup,99900,0,0,99900,499500,0.0,0.0,599400,0,5,1,0,1,4
P3,P3_design4_seed3,fresh,0,0,0,0,499500,,0.0,499500,0,5,0,,0,0
P3,P3_design4_seed3,none,0,0,0,0,499500,,0.0,499500,0,5,0,,0,0
P3,P3_design4_seed3,basic,99900,0,0,99900,499500,0.0,0.0,599400,0,5,1,0,1,4
P3,P3_design4_seed3,runnerup,99900,0,0,99900,499500,0.0,0.0,599400,0,5,1,0,1,4
P3,P3_design4_seed4,fresh,0,0,0,0,499500,,0.0,499500,0,5,0,,0,0
P3,P3_design4_seed4,none,0,0,0,0,499500,,0.0,499500,0,5,0,,0,0
P3,P3_design4_seed4,basic,99900,0,0,99900,499500,0.0,0.0,599400,0,5,1,0,1,4
P3,P3_design4_seed4,runnerup,99900,0,0,99900,499500,0.0,0.0,599400,0,5,1,0,1,4
P3,P3_design5_seed0,fresh,0,0,0,0,499500,,0.0,499500,0,5,0,,0,0
P3,P3_design5_seed0,none,0,0,0,0,499500,,0.0,499500,0,5,0,,0,0
P3,P3_design5_seed0,basic,99900,0,0,99900,499500,0.0,0.0,599400,0,5,1,0,1,4
P3,P3_design5_seed0,runnerup,99900,0,0,99900,499500,0.0,0.0,599400,0,5,1,0,1,4
P3,P3_design5_seed1,fresh,0,0,0,0,499500,,0.0,499500,0,5,0,,0,0
P3,P3_design5_seed1,none,0,0,0,0,499500,,0.0,499500,0,5,0,,0,0
P3,P3_design5_seed1,basic,99900,0,0,99900,499500,0.0,0.0,599400,0,5,1,0,1,4
P3,P3_design5_seed1,runnerup,99900,0,0,99900,499500,0.0,0.0,599400,0,5,1,0,1,4
P3,P3_design5_seed2,fresh,0,0,0,0,499500,,0.0,499500,0,5,0,,0,0
P3,P3_design5_seed2,none,0,0,0,0,499500,,0.0,499500,0,5,0,,0,0
P3,P3_design5_seed2,basic,99900,0,0,99900,499500,0.0,0.0,599400,0,5,1,0,1,4
P3,P3_design5_seed2,runnerup,99900,0,0,99900,499500,0.0,0.0,599400,0,5,1,0,1,4
P3,P3_design5_seed3,fresh,0,0,0,0,499500,,0.0,499500,0,5,0,,0,0
P3,P3_design5_seed3,none,0,0,0,0,499500,,0.0,499500,0,5,0,,0,0
P3,P3_design5_seed3,basic,99900,0,0,99900,499500,0.0,0.0,599400,0,5,1,0,1,4
P3,P3_design5_seed3,runnerup,99900,0,0,99900,499500,0.0,0.0,599400,0,5,1,0,1,4
P3,P3_design5_seed4,fresh,0,0,0,0,499500,,0.0,499500,0,5,0,,0,0
P3,P3_design5_seed4,none,0,0,0,0,499500,,0.0,499500,0,5,0,,0,0
P3,P3_design5_seed4,basic,99900,0,0,99900,499500,0.0,0.0,599400,0,5,1,0,1,4
P3,P3_design5_seed4,runnerup,99900,0,0,99900,499500,0.0,0.0,599400,0,5,1,0,1,4
P3,P3_design6_seed0,fresh,0,0,0,0,499500,,0.0,499500,0,5,0,,0,0
P3,P3_design6_seed0,none,0,0,0,0,499500,,0.0,499500,0,5,0,,0,0
P3,P3_design6_seed0,basic,99900,0,0,99900,499500,0.0,0.0,599400,0,5,1,0,1,4
P3,P3_design6_seed0,runnerup,99900,0,0,99900,499500,0.0,0.0,599400,0,5,1,0,1,4
P3,P3_design6_seed1,fresh,0,0,0,0,499500,,0.0,499500,0,5,0,,0,0
P3,P3_design6_seed1,none,0,0,0,0,499500,,0.0,499500,0,5,0,,0,0
P3,P3_design6_seed1,basic,99900,0,0,99900,499500,0.0,0.0,599400,0,5,1,0,1,4
P3,P3_design6_seed1,runnerup,99900,0,0,99900,499500,0.0,0.0,599400,0,5,1,0,1,4
P3,P3_design6_seed2,fresh,0,0,0,0,499500,,0.0,499500,0,5,0,,0,0
P3,P3_design6_seed2,none,0,0,0,0,499500,,0.0,499500,0,5,0,,0,0
P3,P3_design6_seed2,basic,99900,0,0,99900,499500,0.0,0.0,599400,0,5,1,0,1,4
P3,P3_design6_seed2,runnerup,99900,0,0,99900,499500,0.0,0.0,599400,0,5,1,0,1,4
P3,P3_design6_seed3,fresh,0,0,0,0,499500,,0.0,499500,0,5,0,,0,0
P3,P3_design6_seed3,none,0,0,0,0,499500,,0.0,499500,0,5,0,,0,0
P3,P3_design6_seed3,basic,99900,0,0,99900,499500,0.0,0.0,599400,0,5,1,0,1,4
P3,P3_design6_seed3,runnerup,99900,0,0,99900,499500,0.0,0.0,599400,0,5,1,0,1,4
P3,P3_design6_seed4,fresh,0,0,0,0,499500,,0.0,499500,0,5,0,,0,0
P3,P3_design6_seed4,none,0,0,0,0,499500,,0.0,499500,0,5,0,,0,0
P3,P3_design6_seed4,basic,99900,0,0,99900,499500,0.0,0.0,599400,0,5,1,0,1,4
P3,P3_design6_seed4,runnerup,99900,0,0,99900,499500,0.0,0.0,599400,0,5,1,0,1,4
P3,P3_design7_seed0,fresh,0,0,0,0,499500,,0.0,499500,0,5,0,,0,0
P3,P3_design7_seed0,none,0,0,0,0,499500,,0.0,499500,0,5,0,,0,0
P3,P3_design7_seed0,basic,99900,0,0,99900,499500,0.0,0.0,599400,0,5,1,0,1,4
P3,P3_design7_seed0,runnerup,99900,0,0,99900,499500,0.0,0.0,599400,0,5,1,0,1,4
P3,P3_design7_seed1,fresh,0,0,0,0,499500,,0.0,499500,0,5,0,,0,0
P3,P3_design7_seed1,none,0,0,0,0,499500,,0.0,499500,0,5,0,,0,0
P3,P3_design7_seed1,basic,99900,0,0,99900,499500,0.0,0.0,599400,0,5,1,0,1,4
P3,P3_design7_seed1,runnerup,99900,0,0,99900,499500,0.0,0.0,599400,0,5,1,0,1,4
P3,P3_design7_seed2,fresh,0,0,0,0,499500,,0.0,499500,0,5,0,,0,0
P3,P3_design7_seed2,none,0,0,0,0,499500,,0.0,499500,0,5,0,,0,0
P3,P3_design7_seed2,basic,99900,0,0,99900,499500,0.0,0.0,599400,0,5,1,0,1,4
P3,P3_design7_seed2,runnerup,99900,0,0,99900,499500,0.0,0.0,599400,0,5,1,0,1,4
P3,P3_design7_seed3,fresh,0,0,0,0,499500,,0.0,499500,0,5,0,,0,0
P3,P3_design7_seed3,none,0,0,0,0,499500,,0.0,499500,0,5,0,,0,0
P3,P3_design7_seed3,basic,99900,0,0,99900,499500,0.0,0.0,599400,0,5,1,0,1,4
P3,P3_design7_seed3,runnerup,99900,0,0,99900,499500,0.0,0.0,599400,0,5,1,0,1,4
P3,P3_design7_seed4,fresh,0,0,0,0,499500,,0.0,499500,0,5,0,,0,0
P3,P3_design7_seed4,none,0,0,0,0,499500,,0.0,499500,0,5,0,,0,0
P3,P3_design7_seed4,basic,99900,0,0,99900,499500,0.0,0.0,599400,0,5,1,0,1,4
P3,P3_design7_seed4,runnerup,99900,0,0,99900,499500,0.0,0.0,599400,0,5,1,0,1,4
P3,P3_design8_seed0,fresh,0,0,0,0,499500,,0.0,499500,0,5,0,,0,0
P3,P3_design8_seed0,none,0,0,0,0,499500,,0.0,499500,0,5,0,,0,0
P3,P3_design8_seed0,basic,99900,0,0,99900,499500,0.0,0.0,599400,0,5,1,0,1,4
P3,P3_design8_seed0,runnerup,99900,0,0,99900,499500,0.0,0.0,599400,0,5,1,0,1,4
P3,P3_design8_seed1,fresh,0,0,0,0,499500,,0.0,499500,0,5,0,,0,0
P3,P3_design8_seed1,none,0,0,0,0,499500,,0.0,499500,0,5,0,,0,0
P3,P3_design8_seed1,basic,99900,0,0,99900,499500,0.0,0.0,599400,0,5,1,0,1,4
P3,P3_design8_seed1,runnerup,99900,0,0,99900,499500,0.0,0.0,599400,0,5,1,0,1,4
P3,P3_design8_seed2,fresh,0,0,0,0,499500,,0.0,499500,0,5,0,,0,0
P3,P3_design8_seed2,none,0,0,0,0,499500,,0.0,499500,0,5,0,,0,0
P3,P3_design8_seed2,basic,99900,0,0,99900,499500,0.0,0.0,599400,0,5,1,0,1,4
P3,P3_design8_seed2,runnerup,99900,0,0,99900,499500,0.0,0.0,599400,0,5,1,0,1,4
P3,P3_design8_seed3,fresh,0,0,0,0,499500,,0.0,499500,0,5,0,,0,0
P3,P3_design8_seed3,none,0,0,0,0,499500,,0.0,499500,0,5,0,,0,0
P3,P3_design8_seed3,basic,99900,0,0,99900,499500,0.0,0.0,599400,0,5,1,0,1,4
P3,P3_design8_seed3,runnerup,99900,0,0,99900,499500,0.0,0.0,599400,0,5,1,0,1,4
P3,P3_design8_seed4,fresh,0,0,0,0,499500,,0.0,499500,0,5,0,,0,0
P3,P3_design8_seed4,none,0,0,0,0,499500,,0.0,499500,0,5,0,,0,0
P3,P3_design8_seed4,basic,99900,0,0,99900,499500,0.0,0.0,599400,0,5,1,0,1,4
P3,P3_design8_seed4,runnerup,99900,0,0,99900,499500,0.0,0.0,599400,0,5,1,0,1,4
P3,P3_design9_seed0,fresh,0,0,0,0,499500,,0.0,499500,0,5,0,,0,0
P3,P3_design9_seed0,none,0,0,0,0,499500,,0.0,499500,0,5,0,,0,0
P3,P3_design9_seed0,basic,99900,0,0,99900,499500,0.0,0.0,599400,0,5,1,0,1,4
P3,P3_design9_seed0,runnerup,99900,0,0,99900,499500,0.0,0.0,599400,0,5,1,0,1,4
P3,P3_design9_seed1,fresh,0,0,0,0,499500,,0.0,499500,0,5,0,,0,0
P3,P3_design9_seed1,none,0,0,0,0,499500,,0.0,499500,0,5,0,,0,0
P3,P3_design9_seed1,basic,99900,0,0,99900,499500,0.0,0.0,599400,0,5,1,0,1,4
P3,P3_design9_seed1,runnerup,99900,0,0,99900,499500,0.0,0.0,599400,0,5,1,0,1,4
P3,P3_design9_seed2,fresh,0,0,0,0,499500,,0.0,499500,0,5,0,,0,0
P3,P3_design9_seed2,none,0,0,0,0,499500,,0.0,499500,0,5,0,,0,0
P3,P3_design9_seed2,basic,99900,0,0,99900,499500,0.0,0.0,599400,0,5,1,0,1,4
P3,P3_design9_seed2,runnerup,99900,0,0,99900,499500,0.0,0.0,599400,0,5,1,0,1,4
P3,P3_design9_seed3,fresh,0,0,0,0,499500,,0.0,499500,0,5,0,,0,0
P3,P3_design9_seed3,none,0,0,0,0,499500,,0.0,499500,0,5,0,,0,0
P3,P3_design9_seed3,basic,99900,0,0,99900,499500,0.0,0.0,599400,0,5,1,0,1,4
P3,P3_design9_seed3,runnerup,99900,0,0,99900,499500,0.0,0.0,599400,0,5,1,0,1,4
P3,P3_design9_seed4,fresh,0,0,0,0,499500,,0.0,499500,0,5,0,,0,0
P3,P3_design9_seed4,none,0,0,0,0,499500,,0.0,499500,0,5,0,,0,0
P3,P3_design9_seed4,basic,99900,0,0,99900,499500,0.0,0.0,599400,0,5,1,0,1,4
P3,P3_design9_seed4,runnerup,99900,0,0,99900,499500,0.0,0.0,599400,0,5,1,0,1,4
P3,P3_design10_seed0,fresh,0,0,0,0,499500,,0.0,499500,0,5,0,,0,0
P3,P3_design10_seed0,none,0,0,0,0,499500,,0.0,499500,0,5,0,,0,0
P3,P3_design10_seed0,basic,99900,0,0,99900,499500,0.0,0.0,599400,0,5,1,0,1,4
P3,P3_design10_seed0,runnerup,99900,0,0,99900,499500,0.0,0.0,599400,0,5,1,0,1,4
P3,P3_design10_seed1,fresh,0,0,0,0,499500,,0.0,499500,0,5,0,,0,0
P3,P3_design10_seed1,none,0,0,0,0,499500,,0.0,499500,0,5,0,,0,0
P3,P3_design10_seed1,basic,99900,0,0,99900,499500,0.0,0.0,599400,0,5,1,0,1,4
P3,P3_design10_seed1,runnerup,99900,0,0,99900,499500,0.0,0.0,599400,0,5,1,0,1,4
P3,P3_design10_seed2,fresh,0,0,0,0,499500,,0.0,499500,0,5,0,,0,0
P3,P3_design10_seed2,none,0,0,0,0,499500,,0.0,499500,0,5,0,,0,0
P3,P3_design10_seed2,basic,99900,0,0,99900,499500,0.0,0.0,599400,0,5,1,0,1,4
P3,P3_design10_seed2,runnerup,99900,0,0,99900,499500,0.0,0.0,599400,0,5,1,0,1,4
P3,P3_design10_seed3,fresh,0,0,0,0,499500,,0.0,499500,0,5,0,,0,0
P3,P3_design10_seed3,none,0,0,0,0,499500,,0.0,499500,0,5,0,,0,0
P3,P3_design10_seed3,basic,99900,0,0,99900,499500,0.0,0.0,599400,0,5,1,0,1,4
P3,P3_design10_seed3,runnerup,99900,0,0,99900,499500,0.0,0.0,599400,0,5,1,0,1,4
P3,P3_design10_seed4,fresh,0,0,0,0,499500,,0.0,499500,0,5,0,,0,0
P3,P3_design10_seed4,none,0,0,0,0,499500,,0.0,499500,0,5,0,,0,0
P3,P3_design10_seed4,basic,99900,0,0,99900,499500,0.0,0.0,599400,0,5,1,0,1,4
P3,P3_design10_seed4,runnerup,99900,0,0,99900,499500,0.0,0.0,599400,0,5,1,0,1,4
P3,P3_design11_seed0,fresh,0,0,0,0,499500,,0.0,499500,0,5,0,,0,0
P3,P3_design11_seed0,none,0,0,0,0,499500,,0.0,499500,0,5,0,,0,0
P3,P3_design11_seed0,basic,99900,0,0,99900,499500,0.0,0.0,599400,0,5,1,0,1,4
P3,P3_design11_seed0,runnerup,99900,0,0,99900,499500,0.0,0.0,599400,0,5,1,0,1,4
P3,P3_design11_seed1,fresh,0,0,0,0,499500,,0.0,499500,0,5,0,,0,0
P3,P3_design11_seed1,none,0,0,0,0,499500,,0.0,499500,0,5,0,,0,0
P3,P3_design11_seed1,basic,99900,0,0,99900,499500,0.0,0.0,599400,0,5,1,0,1,4
P3,P3_design11_seed1,runnerup,99900,0,0,99900,499500,0.0,0.0,599400,0,5,1,0,1,4
P3,P3_design11_seed2,fresh,0,0,0,0,499500,,0.0,499500,0,5,0,,0,0
P3,P3_design11_seed2,none,0,0,0,0,499500,,0.0,499500,0,5,0,,0,0
P3,P3_design11_seed2,basic,99900,0,0,99900,499500,0.0,0.0,599400,0,5,1,0,1,4
P3,P3_design11_seed2,runnerup,99900,0,0,99900,499500,0.0,0.0,599400,0,5,1,0,1,4
P3,P3_design11_seed3,fresh,0,0,0,0,499500,,0.0,499500,0,5,0,,0,0
P3,P3_design11_seed3,none,0,0,0,0,499500,,0.0,499500,0,5,0,,0,0
P3,P3_design11_seed3,basic,99900,0,0,99900,499500,0.0,0.0,599400,0,5,1,0,1,4
P3,P3_design11_seed3,runnerup,99900,0,0,99900,499500,0.0,0.0,599400,0,5,1,0,1,4
P3,P3_design11_seed4,fresh,0,0,0,0,499500,,0.0,499500,0,5,0,,0,0
P3,P3_design11_seed4,none,0,0,0,0,499500,,0.0,499500,0,5,0,,0,0
P3,P3_design11_seed4,basic,99900,0,0,99900,499500,0.0,0.0,599400,0,5,1,0,1,4
P3,P3_design11_seed4,runnerup,99900,0,0,99900,499500,0.0,0.0,599400,0,5,1,0,1,4
P3,P3_design12_seed0,fresh,0,0,0,0,999000,,0.0,999000,0,10,0,,0,0
P3,P3_design12_seed0,none,0,0,0,0,999000,,0.0,999000,0,10,0,,0,0
P3,P3_design12_seed0,basic,99900,0,0,99900,999000,0.0,0.0,1098900,0,10,1,0,1,9
P3,P3_design12_seed0,runnerup,99900,0,0,99900,999000,0.0,0.0,1098900,0,10,1,0,1,9
P3,P3_design12_seed1,fresh,0,0,0,0,999000,,0.0,999000,0,10,0,,0,0
P3,P3_design12_seed1,none,0,0,0,0,999000,,0.0,999000,0,10,0,,0,0
P3,P3_design12_seed1,basic,99900,0,0,99900,999000,0.0,0.0,1098900,0,10,1,0,1,9
P3,P3_design12_seed1,runnerup,99900,0,0,99900,999000,0.0,0.0,1098900,0,10,1,0,1,9
P3,P3_design12_seed2,fresh,0,0,0,0,999000,,0.0,999000,0,10,0,,0,0
P3,P3_design12_seed2,none,0,0,0,0,999000,,0.0,999000,0,10,0,,0,0
P3,P3_design12_seed2,basic,99900,0,0,99900,999000,0.0,0.0,1098900,0,10,1,0,1,9
P3,P3_design12_seed2,runnerup,99900,0,0,99900,999000,0.0,0.0,1098900,0,10,1,0,1,9
P3,P3_design12_seed3,fresh,0,0,0,0,999000,,0.0,999000,0,10,0,,0,0
P3,P3_design12_seed3,none,0,0,0,0,999000,,0.0,999000,0,10,0,,0,0
P3,P3_design12_seed3,basic,99900,0,0,99900,999000,0.0,0.0,1098900,0,10,1,0,1,9
P3,P3_design12_seed3,runnerup,99900,0,0,99900,999000,0.0,0.0,1098900,0,10,1,0,1,9
P3,P3_design12_seed4,fresh,0,0,0,0,999000,,0.0,999000,0,10,0,,0,0
P3,P3_design12_seed4,none,0,0,0,0,999000,,0.0,999000,0,10,0,,0,0
P3,P3_design12_seed4,basic,99900,0,0,99900,999000,0.0,0.0,1098900,0,10,1,0,1,9
P3,P3_design12_seed4,runnerup,99900,0,0,99900,999000,0.0,0.0,1098900,0,10,1,0,1,9
P3,P3_design13_seed0,fresh,0,0,0,0,1998000,,0.0,1998000,0,20,0,,0,0
P3,P3_design13_seed0,none,0,0,0,0,1998000,,0.0,1998000,0,20,0,,0,0
P3,P3_design13_seed0,basic,99900,0,0,99900,1998000,0.0,0.0,2097900,0,20,1,0,1,19
P3,P3_design13_seed0,runnerup,99900,0,0,99900,1998000,0.0,0.0,2097900,0,20,1,0,1,19
P3,P3_design13_seed1,fresh,0,0,0,0,1998000,,0.0,1998000,0,20,0,,0,0
P3,P3_design13_seed1,none,0,0,0,0,1998000,,0.0,1998000,0,20,0,,0,0
P3,P3_design13_seed1,basic,99900,0,0,99900,1998000,0.0,0.0,2097900,0,20,1,0,1,19
P3,P3_design13_seed1,runnerup,99900,0,0,99900,1998000,0.0,0.0,2097900,0,20,1,0,1,19
P3,P3_design13_seed2,fresh,0,0,0,0,1998000,,0.0,1998000,0,20,0,,0,0
P3,P3_design13_seed2,none,0,0,0,0,1998000,,0.0,1998000,0,20,0,,0,0
P3,P3_design13_seed2,basic,99900,0,0,99900,1998000,0.0,0.0,2097900,0,20,1,0,1,19
P3,P3_design13_seed2,runnerup,99900,0,0,99900,1998000,0.0,0.0,2097900,0,20,1,0,1,19
P3,P3_design13_seed3,fresh,0,0,0,0,1998000,,0.0,1998000,0,20,0,,0,0
P3,P3_design13_seed3,none,0,0,0,0,1998000,,0.0,1998000,0,20,0,,0,0
P3,P3_design13_seed3,basic,99900,0,0,99900,1998000,0.0,0.0,2097900,0,20,1,0,1,19
P3,P3_design13_seed3,runnerup,99900,0,0,99900,1998000,0.0,0.0,2097900,0,20,1,0,1,19
P3,P3_design13_seed4,fresh,0,0,0,0,1998000,,0.0,1998000,0,20,0,,0,0
P3,P3_design13_seed4,none,0,0,0,0,1998000,,0.0,1998000,0,20,0,,0,0
P3,P3_design13_seed4,basic,99900,0,0,99900,1998000,0.0,0.0,2097900,0,20,1,0,1,19
P3,P3_design13_seed4,runnerup,99900,0,0,99900,1998000,0.0,0.0,2097900,0,20,1,0,1,19
P3,P3_design14_seed0,fresh,0,0,0,0,3996000,,0.0,3996000,0,40,0,,0,0
P3,P3_design14_seed0,none,0,0,0,0,3996000,,0.0,3996000,0,40,0,,0,0
P3,P3_design14_seed0,basic,99900,0,0,99900,3996000,0.0,0.0,4095900,0,40,1,0,1,39
P3,P3_design14_seed0,runnerup,99900,0,0,99900,3996000,0.0,0.0,4095900,0,40,1,0,1,39
P3,P3_design14_seed1,fresh,0,0,0,0,3996000,,0.0,3996000,0,40,0,,0,0
P3,P3_design14_seed1,none,0,0,0,0,3996000,,0.0,3996000,0,40,0,,0,0
P3,P3_design14_seed1,basic,99900,0,0,99900,3996000,0.0,0.0,4095900,0,40,1,0,1,39
P3,P3_design14_seed1,runnerup,99900,0,0,99900,3996000,0.0,0.0,4095900,0,40,1,0,1,39
P3,P3_design14_seed2,fresh,0,0,0,0,3996000,,0.0,3996000,0,40,0,,0,0
P3,P3_design14_seed2,none,0,0,0,0,3996000,,0.0,3996000,0,40,0,,0,0
P3,P3_design14_seed2,basic,99900,0,0,99900,3996000,0.0,0.0,4095900,0,40,1,0,1,39
P3,P3_design14_seed2,runnerup,99900,0,0,99900,3996000,0.0,0.0,4095900,0,40,1,0,1,39
P3,P3_design14_seed3,fresh,0,0,0,0,3996000,,0.0,3996000,0,40,0,,0,0
P3,P3_design14_seed3,none,0,0,0,0,3996000,,0.0,3996000,0,40,0,,0,0
P3,P3_design14_seed3,basic,99900,0,0,99900,3996000,0.0,0.0,4095900,0,40,1,0,1,39
P3,P3_design14_seed3,runnerup,99900,0,0,99900,3996000,0.0,0.0,4095900,0,40,1,0,1,39
P3,P3_design14_seed4,fresh,0,0,0,0,3996000,,0.0,3996000,0,40,0,,0,0
P3,P3_design14_seed4,none,0,0,0,0,3996000,,0.0,3996000,0,40,0,,0,0
P3,P3_design14_seed4,basic,99900,0,0,99900,3996000,0.0,0.0,4095900,0,40,1,0,1,39
P3,P3_design14_seed4,runnerup,99900,0,0,99900,3996000,0.0,0.0,4095900,0,40,1,0,1,39
P3,P3_design17_seed0,fresh,0,0,0,0,495000,,0.0,495000,0,5,0,,0,0
P3,P3_design17_seed0,none,0,0,0,0,495000,,0.0,495000,0,5,0,,0,0
P3,P3_design17_seed0,basic,99000,0,0,99000,495000,0.0,0.0,594000,0,5,1,0,1,4
P3,P3_design17_seed0,runnerup,99000,0,0,99000,495000,0.0,0.0,594000,0,5,1,0,1,4
P3,P3_design17_seed1,fresh,0,0,0,0,495000,,0.0,495000,0,5,0,,0,0
P3,P3_design17_seed1,none,0,0,0,0,495000,,0.0,495000,0,5,0,,0,0
P3,P3_design17_seed1,basic,99000,0,0,99000,495000,0.0,0.0,594000,0,5,1,0,1,4
P3,P3_design17_seed1,runnerup,99000,0,0,99000,495000,0.0,0.0,594000,0,5,1,0,1,4
P3,P3_design17_seed2,fresh,0,0,0,0,495000,,0.0,495000,0,5,0,,0,0
P3,P3_design17_seed2,none,0,0,0,0,495000,,0.0,495000,0,5,0,,0,0
P3,P3_design17_seed2,basic,99000,0,0,99000,495000,0.0,0.0,594000,0,5,1,0,1,4
P3,P3_design17_seed2,runnerup,99000,0,0,99000,495000,0.0,0.0,594000,0,5,1,0,1,4
P3,P3_design17_seed3,fresh,0,0,0,0,495000,,0.0,495000,0,5,0,,0,0
P3,P3_design17_seed3,none,0,0,0,0,495000,,0.0,495000,0,5,0,,0,0
P3,P3_design17_seed3,basic,99000,0,0,99000,495000,0.0,0.0,594000,0,5,1,0,1,4
P3,P3_design17_seed3,runnerup,99000,0,0,99000,495000,0.0,0.0,594000,0,5,1,0,1,4
P3,P3_design17_seed4,fresh,0,0,0,0,495000,,0.0,495000,0,5,0,,0,0
P3,P3_design17_seed4,none,0,0,0,0,495000,,0.0,495000,0,5,0,,0,0
P3,P3_design17_seed4,basic,99000,0,0,99000,495000,0.0,0.0,594000,0,5,1,0,1,4
P3,P3_design17_seed4,runnerup,99000,0,0,99000,495000,0.0,0.0,594000,0,5,1,0,1,4
P3,P3_design18_seed0,fresh,0,0,0,0,475000,,0.0,475000,0,5,0,,0,0
P3,P3_design18_seed0,none,0,0,0,0,475000,,0.0,475000,0,5,0,,0,0
P3,P3_design18_seed0,basic,95000,0,0,95000,475000,0.0,0.0,570000,0,5,1,0,1,4
P3,P3_design18_seed0,runnerup,95000,0,0,95000,475000,0.0,0.0,570000,0,5,1,0,1,4
P3,P3_design18_seed1,fresh,0,0,0,0,475000,,0.0,475000,0,5,0,,0,0
P3,P3_design18_seed1,none,0,0,0,0,475000,,0.0,475000,0,5,0,,0,0
P3,P3_design18_seed1,basic,95000,0,0,95000,475000,0.0,0.0,570000,0,5,1,0,1,4
P3,P3_design18_seed1,runnerup,95000,0,0,95000,475000,0.0,0.0,570000,0,5,1,0,1,4
P3,P3_design18_seed2,fresh,0,0,0,0,475000,,0.0,475000,0,5,0,,0,0
P3,P3_design18_seed2,none,0,0,0,0,475000,,0.0,475000,0,5,0,,0,0
P3,P3_design18_seed2,basic,95000,0,0,95000,475000,0.0,0.0,570000,0,5,1,0,1,4
P3,P3_design18_seed2,runnerup,95000,0,0,95000,475000,0.0,0.0,570000,0,5,1,0,1,4
P3,P3_design18_seed3,fresh,0,0,0,0,475000,,0.0,475000,0,5,0,,0,0
P3,P3_design18_seed3,none,0,0,0,0,475000,,0.0,475000,0,5,0,,0,0
P3,P3_design18_seed3,basic,95000,0,0,95000,475000,0.0,0.0,570000,0,5,1,0,1,4
P3,P3_design18_seed3,runnerup,95000,0,0,95000,475000,0.0,0.0,570000,0,5,1,0,1,4
P3,P3_design18_seed4,fresh,0,0,0,0,475000,,0.0,475000,0,5,0,,0,0
P3,P3_design18_seed4,none,0,0,0,0,475000,,0.0,475000,0,5,0,,0,0
P3,P3_design18_seed4,basic,95000,0,0,95000,475000,0.0,0.0,570000,0,5,1,0,1,4
P3,P3_design18_seed4,runnerup,95000,0,0,95000,475000,0.0,0.0,570000,0,5,1,0,1,4
